contractID,symbol,expiration,strike,type,last,mark,bid,bid_size,ask,ask_size,volume,open_interest,date,implied_volatility,delta,gamma,theta,vega,rho
SPY240506C00450000,SPY,2024-05-06,450.00,call,64.88,66.36,65.76,50,66.95,64,2,9,2024-05-06,1.03418,1.00000,0.00000,-0.06570,0.00000,0.01233
SPY240506C00460000,SPY,2024-05-06,460.00,call,54.72,56.36,55.76,50,56.97,63,6,6,2024-05-06,0.87882,1.00000,0.00000,-0.06716,0.00000,0.01260
SPY240506C00470000,SPY,2024-05-06,470.00,call,45.27,46.36,45.76,50,46.97,63,3,97,2024-05-06,0.72347,1.00000,0.00000,-0.06862,0.00000,0.01287
SPY240506C00475000,SPY,2024-05-06,475.00,call,40.38,41.36,40.76,40,41.95,65,7,154,2024-05-06,0.64580,1.00000,0.00000,-0.06935,0.00000,0.01301
SPY240506C00480000,SPY,2024-05-06,480.00,call,35.72,36.36,35.77,20,36.95,67,6,25,2024-05-06,0.56812,1.00000,0.00000,-0.07008,0.00000,0.01315
SPY240506C00481000,SPY,2024-05-06,481.00,call,34.28,35.36,34.77,50,35.95,64,1,1,2024-05-06,0.55259,1.00000,0.00000,-0.07023,0.00000,0.01318
SPY240506C00482000,SPY,2024-05-06,482.00,call,33.27,34.36,33.77,50,34.95,65,1,3,2024-05-06,0.53705,1.00000,0.00000,-0.07037,0.00000,0.01320
SPY240506C00483000,SPY,2024-05-06,483.00,call,32.39,33.36,32.77,50,33.95,64,356,473,2024-05-06,0.52152,1.00000,0.00000,-0.07052,0.00000,0.01323
SPY240506C00484000,SPY,2024-05-06,484.00,call,32.27,32.37,31.77,50,32.96,67,1,68,2024-05-06,0.50598,1.00000,0.00000,-0.07067,0.00000,0.01326
SPY240506C00485000,SPY,2024-05-06,485.00,call,30.27,31.37,30.77,50,31.97,63,25,26,2024-05-06,0.49045,1.00000,0.00000,-0.07081,0.00000,0.01329
SPY240506C00486000,SPY,2024-05-06,486.00,call,28.96,30.37,29.77,50,30.96,63,3,66,2024-05-06,0.47491,1.00000,0.00000,-0.07096,0.00000,0.01331
SPY240506C00487000,SPY,2024-05-06,487.00,call,27.56,29.36,28.77,50,29.95,63,1,329,2024-05-06,0.45937,1.00000,0.00000,-0.07110,0.00000,0.01334
SPY240506C00488000,SPY,2024-05-06,488.00,call,26.63,28.37,27.77,50,28.96,67,1,67,2024-05-06,0.44384,1.00000,0.00000,-0.07125,0.00000,0.01337
SPY240506C00489000,SPY,2024-05-06,489.00,call,26.47,27.37,26.77,50,27.97,67,1,6,2024-05-06,0.42830,1.00000,0.00000,-0.07140,0.00000,0.01340
SPY240506C00490000,SPY,2024-05-06,490.00,call,25.65,26.34,25.77,50,26.92,98,167,967,2024-05-06,0.41277,1.00000,0.00000,-0.07154,0.00000,0.01342
SPY240506C00491000,SPY,2024-05-06,491.00,call,25.33,25.34,24.77,50,25.91,96,180,186,2024-05-06,0.39723,1.00000,0.00000,-0.07169,0.00000,0.01345
SPY240506C00492000,SPY,2024-05-06,492.00,call,22.30,24.34,24.16,250,24.52,250,1,27,2024-05-06,0.38170,1.00000,0.00000,-0.07183,0.00000,0.01348
SPY240506C00493000,SPY,2024-05-06,493.00,call,22.52,23.34,23.16,250,23.53,250,186,349,2024-05-06,0.36616,1.00000,0.00000,-0.07198,0.00000,0.01350
SPY240506C00494000,SPY,2024-05-06,494.00,call,21.58,22.34,22.16,250,22.52,250,9,166,2024-05-06,0.35063,1.00000,0.00000,-0.07213,0.00000,0.01353
SPY240506C00495000,SPY,2024-05-06,495.00,call,20.45,21.34,21.16,250,21.52,250,24,252,2024-05-06,0.33509,1.00000,0.00000,-0.07227,0.00000,0.01356
SPY240506C00496000,SPY,2024-05-06,496.00,call,20.34,20.34,20.16,250,20.52,250,73,967,2024-05-06,0.31956,1.00000,0.00000,-0.07242,0.00000,0.01359
SPY240506C00497000,SPY,2024-05-06,497.00,call,18.32,19.34,19.16,250,19.52,250,12,121,2024-05-06,0.30402,1.00000,0.00000,-0.07257,0.00000,0.01361
SPY240506C00498000,SPY,2024-05-06,498.00,call,18.34,18.34,18.16,250,18.51,250,156,383,2024-05-06,0.28849,1.00000,0.00000,-0.07271,0.00000,0.01364
SPY240506C00499000,SPY,2024-05-06,499.00,call,16.11,17.34,17.16,250,17.52,250,113,406,2024-05-06,0.27295,1.00000,0.00000,-0.07286,0.00000,0.01367
SPY240506C00500000,SPY,2024-05-06,500.00,call,16.29,16.34,16.16,250,16.52,250,794,2265,2024-05-06,0.25742,1.00000,0.00000,-0.07300,0.00000,0.01370
SPY240506C00501000,SPY,2024-05-06,501.00,call,14.71,15.34,15.16,250,15.52,250,34,808,2024-05-06,0.24188,1.00000,0.00000,-0.07315,0.00000,0.01372
SPY240506C00502000,SPY,2024-05-06,502.00,call,14.32,14.34,14.16,250,14.52,250,235,2353,2024-05-06,0.22635,1.00000,0.00000,-0.07330,0.00000,0.01375
SPY240506C00503000,SPY,2024-05-06,503.00,call,12.35,13.34,13.16,250,13.52,250,209,1527,2024-05-06,0.21081,1.00000,0.00000,-0.07344,0.00000,0.01378
SPY240506C00504000,SPY,2024-05-06,504.00,call,12.15,12.34,12.16,250,12.52,250,575,2116,2024-05-06,0.19528,1.00000,0.00000,-0.07359,0.00000,0.01381
SPY240506C00505000,SPY,2024-05-06,505.00,call,11.48,11.34,11.16,250,11.52,250,977,3151,2024-05-06,0.17974,1.00000,0.00000,-0.07373,0.00000,0.01383
SPY240506C00506000,SPY,2024-05-06,506.00,call,10.36,10.36,10.20,200,10.52,250,588,3819,2024-05-06,0.16421,1.00000,0.00000,-0.07388,0.00000,0.01386
SPY240506C00507000,SPY,2024-05-06,507.00,call,9.34,9.34,9.16,250,9.52,250,667,1839,2024-05-06,0.14867,1.00000,0.00000,-0.07403,0.00000,0.01389
SPY240506C00508000,SPY,2024-05-06,508.00,call,8.51,8.34,8.16,250,8.52,250,879,2400,2024-05-06,0.13314,1.00000,0.00000,-0.07417,0.00000,0.01392
SPY240506C00509000,SPY,2024-05-06,509.00,call,7.30,7.43,7.35,129,7.52,250,3287,4386,2024-05-06,0.11760,1.00000,0.00000,-0.07432,0.00000,0.01394
SPY240506C00510000,SPY,2024-05-06,510.00,call,6.37,6.34,6.16,250,6.52,250,5740,9431,2024-05-06,0.10207,1.00000,0.00000,-0.07446,0.00000,0.01397
SPY240506C00511000,SPY,2024-05-06,511.00,call,5.42,5.34,5.16,250,5.52,250,5634,7808,2024-05-06,0.08653,1.00000,0.00000,-0.07461,0.00000,0.01400
SPY240506C00512000,SPY,2024-05-06,512.00,call,4.29,4.34,4.16,250,4.52,250,16423,12180,2024-05-06,0.07100,1.00000,0.00000,-0.07476,0.00000,0.01403
SPY240506C00513000,SPY,2024-05-06,513.00,call,3.25,3.33,3.25,200,3.40,102,61237,7516,2024-05-06,0.05546,1.00000,0.00000,-0.07490,0.00000,0.01405
SPY240506C00514000,SPY,2024-05-06,514.00,call,2.33,2.34,2.16,250,2.52,250,264207,7069,2024-05-06,0.03993,1.00000,0.00000,-0.07505,0.00000,0.01408
SPY240506C00515000,SPY,2024-05-06,515.00,call,1.38,1.39,1.24,1325,1.53,250,464042,16366,2024-05-06,0.02439,1.00000,0.00000,-0.07519,0.00000,0.01411
SPY240506C00516000,SPY,2024-05-06,516.00,call,0.37,0.38,0.36,211,0.40,8,291904,10984,2024-05-06,0.00886,0.99112,0.08820,-0.07794,0.00650,0.01401
SPY240506C00517000,SPY,2024-05-06,517.00,call,0.03,0.03,0.02,805,0.03,1845,237465,21890,2024-05-06,0.01312,0.15907,0.68302,-0.05500,0.06554,0.00225
SPY240506C00518000,SPY,2024-05-06,518.00,call,0.01,0.01,0.01,5291,0.02,7285,80578,7204,2024-05-06,0.02745,0.03427,0.10231,-0.03077,0.02053,0.00048
SPY240506C00519000,SPY,2024-05-06,519.00,call,0.01,0.01,0.00,0,0.01,3725,27739,6204,2024-05-06,0.04346,0.02287,0.04615,-0.03359,0.01466,0.00032
SPY240506C00520000,SPY,2024-05-06,520.00,call,0.01,0.01,0.00,0,0.01,11289,22029,9843,2024-05-06,0.05855,0.01742,0.02719,-0.03538,0.01164,0.00025
SPY240506C00525000,SPY,2024-05-06,525.00,call,0.01,0.01,0.00,0,0.01,13476,1508,5199,2024-05-06,0.12852,0.00863,0.00674,-0.04134,0.00633,0.00012
SPY240506C00526000,SPY,2024-05-06,526.00,call,0.01,0.01,0.00,0,0.01,7070,35,1625,2024-05-06,0.14178,0.00788,0.00564,-0.04207,0.00585,0.00011
SPY240506C00527000,SPY,2024-05-06,527.00,call,0.01,0.01,0.00,0,0.01,8030,11,143,2024-05-06,0.15489,0.00727,0.00481,-0.04274,0.00545,0.00010
SPY240506C00528000,SPY,2024-05-06,528.00,call,0.01,0.01,0.00,0,0.01,8510,0,15,2024-05-06,0.16800,0.00680,0.00418,-0.04363,0.00513,0.00010
SPY240506C00529000,SPY,2024-05-06,529.00,call,0.01,0.01,0.00,0,0.01,8510,3,22,2024-05-06,0.18080,0.00635,0.00365,-0.04415,0.00483,0.00009
SPY240506C00530000,SPY,2024-05-06,530.00,call,0.01,0.01,0.00,0,0.01,4038,11,874,2024-05-06,0.19346,0.00595,0.00323,-0.04457,0.00456,0.00008
SPY240506C00535000,SPY,2024-05-06,535.00,call,0.01,0.01,0.00,0,0.01,4923,10,352,2024-05-06,0.25565,0.00463,0.00195,-0.04703,0.00365,0.00007
SPY240506C00540000,SPY,2024-05-06,540.00,call,0.01,0.01,0.00,0,0.01,6110,0,1768,2024-05-06,0.31571,0.00382,0.00133,-0.04885,0.00308,0.00005
SPY240506C00550000,SPY,2024-05-06,550.00,call,0.01,0.01,0.00,0,0.01,8510,8,4685,2024-05-06,0.43095,0.00287,0.00075,-0.05144,0.00238,0.00004
SPY240507C00450000,SPY,2024-05-07,450.00,call,64.93,66.41,66.25,100,66.57,100,1,7,2024-05-06,1.03418,1.00000,0.00000,-0.06570,0.00000,0.01233
SPY240507C00460000,SPY,2024-05-07,460.00,call,54.77,56.41,56.25,100,56.57,100,6,4,2024-05-06,0.87882,1.00000,0.00000,-0.06716,0.00000,0.01260
SPY240507C00470000,SPY,2024-05-07,470.00,call,44.33,46.41,46.25,100,46.58,100,142,5,2024-05-06,0.72347,1.00000,0.00000,-0.06862,0.00000,0.01287
SPY240507C00475000,SPY,2024-05-07,475.00,call,39.78,41.42,41.26,100,41.58,100,1,1,2024-05-06,0.64580,1.00000,0.00000,-0.06935,0.00000,0.01301
SPY240507C00480000,SPY,2024-05-07,480.00,call,36.33,36.42,36.26,100,36.58,100,23,35,2024-05-06,0.56812,1.00000,0.00000,-0.07008,0.00000,0.01315
SPY240507C00481000,SPY,2024-05-07,481.00,call,30.16,35.42,35.26,100,35.58,100,0,1,2024-05-06,0.55259,1.00000,0.00000,-0.07023,0.00000,0.01318
SPY240507C00482000,SPY,2024-05-07,482.00,call,19.45,34.42,34.26,100,34.58,100,0,1,2024-05-06,0.53705,1.00000,0.00000,-0.07037,0.00000,0.01320
SPY240507C00483000,SPY,2024-05-07,483.00,call,32.45,33.42,33.26,100,33.58,100,346,0,2024-05-06,0.52152,1.00000,0.00000,-0.07052,0.00000,0.01323
SPY240507C00484000,SPY,2024-05-07,484.00,call,30.14,32.42,32.26,100,32.58,100,248,0,2024-05-06,0.50598,1.00000,0.00000,-0.07067,0.00000,0.01326
SPY240507C00485000,SPY,2024-05-07,485.00,call,31.32,31.42,31.26,100,31.58,100,43,14,2024-05-06,0.49045,1.00000,0.00000,-0.07081,0.00000,0.01329
SPY240507C00486000,SPY,2024-05-07,486.00,call,23.54,30.42,30.26,100,30.58,100,0,11,2024-05-06,0.47491,1.00000,0.00000,-0.07096,0.00000,0.01331
SPY240507C00487000,SPY,2024-05-07,487.00,call,24.30,29.42,29.26,100,29.58,100,0,1,2024-05-06,0.45937,1.00000,0.00000,-0.07110,0.00000,0.01334
SPY240507C00488000,SPY,2024-05-07,488.00,call,23.89,28.42,28.26,100,28.58,100,0,1,2024-05-06,0.44384,1.00000,0.00000,-0.07125,0.00000,0.01337
SPY240507C00489000,SPY,2024-05-07,489.00,call,21.35,27.43,27.26,100,27.59,100,0,6,2024-05-06,0.42830,1.00000,0.00000,-0.07140,0.00000,0.01340
SPY240507C00490000,SPY,2024-05-07,490.00,call,24.65,26.43,26.26,200,26.59,200,452,387,2024-05-06,0.41277,1.00000,0.00000,-0.07154,0.00000,0.01342
SPY240507C00491000,SPY,2024-05-07,491.00,call,23.49,25.43,25.27,325,25.59,325,175,8,2024-05-06,0.39723,1.00000,0.00000,-0.07169,0.00000,0.01345
SPY240507C00492000,SPY,2024-05-07,492.00,call,18.02,24.43,24.27,325,24.59,325,0,27,2024-05-06,0.38170,1.00000,0.00000,-0.07183,0.00000,0.01348
SPY240507C00493000,SPY,2024-05-07,493.00,call,21.49,23.43,23.27,325,23.59,325,175,5,2024-05-06,0.36616,1.00000,0.00000,-0.07198,0.00000,0.01350
SPY240507C00494000,SPY,2024-05-07,494.00,call,20.15,22.43,22.27,200,22.59,325,2,4,2024-05-06,0.35063,1.00000,0.00000,-0.07213,0.00000,0.01353
SPY240507C00495000,SPY,2024-05-07,495.00,call,16.41,21.43,21.27,325,21.59,325,0,187,2024-05-06,0.33509,1.00000,0.00000,-0.07227,0.00000,0.01356
SPY240507C00496000,SPY,2024-05-07,496.00,call,19.51,20.43,20.27,325,20.59,325,1,177,2024-05-06,0.31956,1.00000,0.00000,-0.07242,0.00000,0.01359
SPY240507C00497000,SPY,2024-05-07,497.00,call,18.62,19.43,19.27,325,19.59,325,327,80,2024-05-06,0.30402,1.00000,0.00000,-0.07257,0.00000,0.01361
SPY240507C00498000,SPY,2024-05-07,498.00,call,17.00,18.43,18.27,325,18.59,325,114,211,2024-05-06,0.28849,1.00000,0.00000,-0.07271,0.00000,0.01364
SPY240507C00499000,SPY,2024-05-07,499.00,call,15.34,17.43,17.27,325,17.59,325,38,1632,2024-05-06,0.27295,1.00000,0.00000,-0.07286,0.00000,0.01367
SPY240507C00500000,SPY,2024-05-07,500.00,call,16.22,16.43,16.27,200,16.59,325,37,403,2024-05-06,0.25742,1.00000,0.00000,-0.07300,0.00000,0.01370
SPY240507C00501000,SPY,2024-05-07,501.00,call,15.53,15.43,15.27,325,15.59,325,23,500,2024-05-06,0.24188,1.00000,0.00000,-0.07315,0.00000,0.01372
SPY240507C00502000,SPY,2024-05-07,502.00,call,14.41,14.43,14.27,325,14.59,325,91,794,2024-05-06,0.22635,1.00000,0.00000,-0.07330,0.00000,0.01375
SPY240507C00503000,SPY,2024-05-07,503.00,call,12.61,13.44,13.28,325,13.60,325,83,952,2024-05-06,0.21081,1.00000,0.00000,-0.07344,0.00000,0.01378
SPY240507C00504000,SPY,2024-05-07,504.00,call,11.67,12.43,12.28,325,12.59,325,165,1007,2024-05-06,0.19528,1.00000,0.00000,-0.07359,0.00000,0.01381
SPY240507C00505000,SPY,2024-05-07,505.00,call,11.33,11.44,11.28,325,11.60,325,132,1572,2024-05-06,0.17974,1.00000,0.00000,-0.07373,0.00000,0.01383
SPY240507C00506000,SPY,2024-05-07,506.00,call,9.82,10.46,10.36,250,10.56,250,145,1763,2024-05-06,0.16421,1.00000,0.00000,-0.07388,0.00000,0.01386
SPY240507C00507000,SPY,2024-05-07,507.00,call,9.39,9.46,9.36,250,9.56,250,409,912,2024-05-06,0.14867,1.00000,0.00000,-0.07403,0.00000,0.01389
SPY240507C00508000,SPY,2024-05-07,508.00,call,8.33,8.48,8.38,250,8.57,250,456,851,2024-05-06,0.13314,1.00000,0.00000,-0.07417,0.00000,0.01392
SPY240507C00509000,SPY,2024-05-07,509.00,call,7.44,7.48,7.39,250,7.58,250,2652,1287,2024-05-06,0.11760,1.00000,0.00000,-0.07432,0.00000,0.01394
SPY240507C00510000,SPY,2024-05-07,510.00,call,6.36,6.50,6.42,335,6.58,435,1510,6048,2024-05-06,0.10207,1.00000,0.00000,-0.07446,0.00000,0.01397
SPY240507C00511000,SPY,2024-05-07,511.00,call,5.50,5.54,5.46,335,5.62,435,4080,3964,2024-05-06,0.08653,1.00000,0.00000,-0.07461,0.00000,0.01400
SPY240507C00512000,SPY,2024-05-07,512.00,call,4.49,4.59,4.52,335,4.67,435,5693,3607,2024-05-06,0.07100,1.00000,0.00000,-0.07476,0.00000,0.01403
SPY240507C00513000,SPY,2024-05-07,513.00,call,3.60,3.69,3.62,335,3.76,509,12291,1434,2024-05-06,0.08187,0.95098,0.04586,-0.18356,0.02745,0.01336
SPY240507C00514000,SPY,2024-05-07,514.00,call,2.81,2.81,2.77,200,2.85,1,62820,2207,2024-05-06,0.08919,0.86476,0.09014,-0.32694,0.05878,0.01216
SPY240507C00515000,SPY,2024-05-07,515.00,call,2.04,2.02,1.99,200,2.06,200,117781,2948,2024-05-06,0.09163,0.74778,0.12887,-0.45161,0.08633,0.01053
SPY240507C00516000,SPY,2024-05-07,516.00,call,1.35,1.35,1.34,200,1.36,180,90839,6292,2024-05-06,0.09224,0.60308,0.15459,-0.52608,0.10425,0.00850
SPY240507C00517000,SPY,2024-05-07,517.00,call,0.81,0.81,0.80,148,0.81,40,51533,3370,2024-05-06,0.09056,0.44340,0.16128,-0.51684,0.10678,0.00625
SPY240507C00518000,SPY,2024-05-07,518.00,call,0.43,0.43,0.43,121,0.44,192,58315,2371,2024-05-06,0.08873,0.28725,0.14203,-0.43039,0.09214,0.00405
SPY240507C00519000,SPY,2024-05-07,519.00,call,0.20,0.21,0.20,249,0.21,347,21571,3260,2024-05-06,0.08889,0.16478,0.10320,-0.31043,0.06706,0.00233
SPY240507C00520000,SPY,2024-05-07,520.00,call,0.09,0.08,0.08,1863,0.09,819,28445,4075,2024-05-06,0.08629,0.07627,0.06145,-0.17301,0.03877,0.00108
SPY240507C00521000,SPY,2024-05-07,521.00,call,0.04,0.04,0.04,117,0.05,4961,7957,14536,2024-05-06,0.09148,0.04001,0.03485,-0.10961,0.02331,0.00057
SPY240507C00522000,SPY,2024-05-07,522.00,call,0.03,0.03,0.02,179,0.03,5723,7056,1045,2024-05-06,0.10306,0.02815,0.02316,-0.09205,0.01745,0.00040
SPY240507C00523000,SPY,2024-05-07,523.00,call,0.01,0.01,0.01,859,0.02,8443,2422,770,2024-05-06,0.10138,0.01070,0.01031,-0.03955,0.00764,0.00015
SPY240507C00524000,SPY,2024-05-07,524.00,call,0.01,0.01,0.01,263,0.02,8551,1331,1093,2024-05-06,0.11510,0.00956,0.00824,-0.04060,0.00693,0.00014
SPY240507C00525000,SPY,2024-05-07,525.00,call,0.01,0.01,0.00,0,0.01,8485,1810,1774,2024-05-06,0.12852,0.00863,0.00674,-0.04134,0.00633,0.00012
SPY240507C00526000,SPY,2024-05-07,526.00,call,0.01,0.01,0.00,0,0.01,8535,157,354,2024-05-06,0.14178,0.00788,0.00564,-0.04207,0.00585,0.00011
SPY240507C00527000,SPY,2024-05-07,527.00,call,0.01,0.01,0.00,0,0.01,8671,129,2419,2024-05-06,0.15489,0.00727,0.00481,-0.04274,0.00545,0.00010
SPY240507C00528000,SPY,2024-05-07,528.00,call,0.01,0.01,0.00,0,0.01,9052,148,796,2024-05-06,0.16800,0.00680,0.00418,-0.04363,0.00513,0.00010
SPY240507C00529000,SPY,2024-05-07,529.00,call,0.01,0.01,0.00,0,0.01,9537,60,664,2024-05-06,0.18080,0.00635,0.00365,-0.04415,0.00483,0.00009
SPY240507C00530000,SPY,2024-05-07,530.00,call,0.01,0.01,0.00,0,0.01,9977,26,989,2024-05-06,0.19346,0.00595,0.00323,-0.04457,0.00456,0.00008
SPY240507C00535000,SPY,2024-05-07,535.00,call,0.01,0.01,0.00,0,0.01,12120,7,182,2024-05-06,0.25565,0.00463,0.00195,-0.04703,0.00365,0.00007
SPY240507C00540000,SPY,2024-05-07,540.00,call,0.01,0.01,0.00,0,0.01,12531,1,214,2024-05-06,0.31571,0.00382,0.00133,-0.04885,0.00308,0.00005
SPY240507C00550000,SPY,2024-05-07,550.00,call,0.01,0.01,0.00,0,0.01,6249,8,28,2024-05-06,0.43095,0.00287,0.00075,-0.05144,0.00238,0.00004
SPY240508C00450000,SPY,2024-05-08,450.00,call,64.62,66.48,66.32,100,66.64,100,4,0,2024-05-06,0.68945,1.00000,0.00000,-0.06569,0.00000,0.02465
SPY240508C00460000,SPY,2024-05-08,460.00,call,51.33,56.48,56.32,100,56.64,100,0,1,2024-05-06,0.58588,1.00000,0.00000,-0.06715,0.00000,0.02520
SPY240508C00470000,SPY,2024-05-08,470.00,call,0.00,46.49,46.33,100,46.65,100,0,0,2024-05-06,0.48232,1.00000,0.00000,-0.06861,0.00000,0.02575
SPY240508C00475000,SPY,2024-05-08,475.00,call,40.68,41.49,41.33,100,41.65,100,1,1,2024-05-06,0.43053,1.00000,0.00000,-0.06934,0.00000,0.02602
SPY240508C00480000,SPY,2024-05-08,480.00,call,35.23,36.49,36.33,100,36.65,100,1,2,2024-05-06,0.37875,1.00000,0.00000,-0.07007,0.00000,0.02629
SPY240508C00481000,SPY,2024-05-08,481.00,call,33.15,35.49,35.33,100,35.65,100,8,0,2024-05-06,0.36839,1.00000,0.00000,-0.07022,0.00000,0.02635
SPY240508C00482000,SPY,2024-05-08,482.00,call,0.00,34.50,34.34,100,34.65,100,0,0,2024-05-06,0.35803,1.00000,0.00000,-0.07036,0.00000,0.02640
SPY240508C00483000,SPY,2024-05-08,483.00,call,18.75,33.50,33.34,100,33.66,100,0,0,2024-05-06,0.34768,1.00000,0.00000,-0.07051,0.00000,0.02646
SPY240508C00484000,SPY,2024-05-08,484.00,call,25.90,32.50,32.34,100,32.66,100,0,0,2024-05-06,0.33732,1.00000,0.00000,-0.07066,0.00000,0.02651
SPY240508C00485000,SPY,2024-05-08,485.00,call,20.55,31.50,31.34,100,31.66,100,0,0,2024-05-06,0.32696,1.00000,0.00000,-0.07080,0.00000,0.02657
SPY240508C00486000,SPY,2024-05-08,486.00,call,16.47,30.50,30.34,100,30.66,100,0,2,2024-05-06,0.31661,1.00000,0.00000,-0.07095,0.00000,0.02662
SPY240508C00487000,SPY,2024-05-08,487.00,call,16.00,29.50,29.34,100,29.66,100,0,1,2024-05-06,0.30625,1.00000,0.00000,-0.07109,0.00000,0.02668
SPY240508C00488000,SPY,2024-05-08,488.00,call,0.00,28.50,28.34,100,28.66,100,0,0,2024-05-06,0.29589,1.00000,0.00000,-0.07124,0.00000,0.02673
SPY240508C00489000,SPY,2024-05-08,489.00,call,22.29,27.50,27.34,100,27.66,100,0,2,2024-05-06,0.28554,1.00000,0.00000,-0.07139,0.00000,0.02679
SPY240508C00490000,SPY,2024-05-08,490.00,call,15.85,26.50,26.34,200,26.66,200,0,42,2024-05-06,0.27518,1.00000,0.00000,-0.07153,0.00000,0.02684
SPY240508C00491000,SPY,2024-05-08,491.00,call,14.73,25.50,25.34,325,25.66,325,0,27,2024-05-06,0.26482,1.00000,0.00000,-0.07168,0.00000,0.02690
SPY240508C00492000,SPY,2024-05-08,492.00,call,20.18,24.50,24.34,325,24.66,325,0,21,2024-05-06,0.25447,1.00000,0.00000,-0.07182,0.00000,0.02695
SPY240508C00493000,SPY,2024-05-08,493.00,call,18.86,23.50,23.34,325,23.66,325,0,10,2024-05-06,0.24411,1.00000,0.00000,-0.07197,0.00000,0.02701
SPY240508C00494000,SPY,2024-05-08,494.00,call,15.96,22.51,22.35,325,22.67,325,0,11,2024-05-06,0.23375,1.00000,0.00000,-0.07212,0.00000,0.02706
SPY240508C00495000,SPY,2024-05-08,495.00,call,19.77,21.51,21.35,325,21.67,325,4,157,2024-05-06,0.22340,1.00000,0.00000,-0.07226,0.00000,0.02712
SPY240508C00496000,SPY,2024-05-08,496.00,call,18.64,20.51,20.35,325,20.67,325,5,110,2024-05-06,0.21304,1.00000,0.00000,-0.07241,0.00000,0.02717
SPY240508C00497000,SPY,2024-05-08,497.00,call,17.66,19.51,19.35,325,19.67,325,52,113,2024-05-06,0.20268,1.00000,0.00000,-0.07255,0.00000,0.02722
SPY240508C00498000,SPY,2024-05-08,498.00,call,17.50,18.51,18.35,325,18.67,325,9,431,2024-05-06,0.19233,1.00000,0.00000,-0.07270,0.00000,0.02728
SPY240508C00499000,SPY,2024-05-08,499.00,call,16.49,17.52,17.36,325,17.67,325,1,242,2024-05-06,0.18197,1.00000,0.00000,-0.07285,0.00000,0.02733
SPY240508C00500000,SPY,2024-05-08,500.00,call,16.50,16.52,16.36,325,16.68,325,67,356,2024-05-06,0.17161,1.00000,0.00000,-0.07299,0.00000,0.02739
SPY240508C00501000,SPY,2024-05-08,501.00,call,14.59,15.52,15.36,325,15.68,325,21,529,2024-05-06,0.16126,1.00000,0.00000,-0.07314,0.00000,0.02744
SPY240508C00502000,SPY,2024-05-08,502.00,call,13.22,14.52,14.37,325,14.68,325,25,546,2024-05-06,0.15090,1.00000,0.00000,-0.07328,0.00000,0.02750
SPY240508C00503000,SPY,2024-05-08,503.00,call,12.12,13.54,13.44,200,13.64,200,42,1207,2024-05-06,0.14054,1.00000,0.00000,-0.07343,0.00000,0.02755
SPY240508C00504000,SPY,2024-05-08,504.00,call,12.63,12.55,12.45,200,12.65,200,255,714,2024-05-06,0.13018,1.00000,0.00000,-0.07358,0.00000,0.02761
SPY240508C00505000,SPY,2024-05-08,505.00,call,11.65,11.55,11.46,200,11.65,200,82,951,2024-05-06,0.11983,1.00000,0.00000,-0.07372,0.00000,0.02766
SPY240508C00506000,SPY,2024-05-08,506.00,call,9.52,10.57,10.48,250,10.67,200,84,792,2024-05-06,0.10947,1.00000,0.00000,-0.07387,0.00000,0.02772
SPY240508C00507000,SPY,2024-05-08,507.00,call,9.74,9.56,9.50,335,9.62,1,257,621,2024-05-06,0.09911,1.00000,0.00000,-0.07401,0.00000,0.02777
SPY240508C00508000,SPY,2024-05-08,508.00,call,8.69,8.62,8.53,335,8.71,200,713,1092,2024-05-06,0.08876,1.00000,0.00000,-0.07416,0.00000,0.02783
SPY240508C00509000,SPY,2024-05-08,509.00,call,7.61,7.66,7.57,335,7.74,200,1031,2173,2024-05-06,0.07840,1.00000,0.00000,-0.07431,0.00000,0.02788
SPY240508C00510000,SPY,2024-05-08,510.00,call,6.55,6.72,6.64,335,6.80,200,1149,2035,2024-05-06,0.06007,0.99839,0.00226,-0.07732,0.00199,0.02789
SPY240508C00511000,SPY,2024-05-08,511.00,call,5.73,5.79,5.72,335,5.86,200,1275,1949,2024-05-06,0.09102,0.95112,0.02910,-0.15903,0.03873,0.02660
SPY240508C00512000,SPY,2024-05-08,512.00,call,4.88,4.90,4.84,200,4.97,200,2975,1592,2024-05-06,0.09773,0.89838,0.04752,-0.23294,0.06790,0.02516
SPY240508C00513000,SPY,2024-05-08,513.00,call,3.99,4.05,4.00,200,4.10,100,4183,1227,2024-05-06,0.09986,0.83680,0.06455,-0.29782,0.09425,0.02346
SPY240508C00514000,SPY,2024-05-08,514.00,call,3.20,3.26,3.22,200,3.30,200,16965,1576,2024-05-06,0.10062,0.76194,0.08044,-0.35471,0.11835,0.02139
SPY240508C00515000,SPY,2024-05-08,515.00,call,2.46,2.53,2.51,201,2.55,212,22108,2170,2024-05-06,0.09956,0.67593,0.09443,-0.39275,0.13746,0.01899
SPY240508C00516000,SPY,2024-05-08,516.00,call,1.89,1.89,1.88,245,1.90,111,16891,1613,2024-05-06,0.09849,0.57736,0.10393,-0.41180,0.14967,0.01624
SPY240508C00517000,SPY,2024-05-08,517.00,call,1.34,1.35,1.34,159,1.36,243,8093,1126,2024-05-06,0.09727,0.47154,0.10699,-0.40539,0.15216,0.01327
SPY240508C00518000,SPY,2024-05-08,518.00,call,0.86,0.91,0.90,167,0.91,100,11949,1622,2024-05-06,0.09559,0.36472,0.10280,-0.37078,0.14369,0.01027
SPY240508C00519000,SPY,2024-05-08,519.00,call,0.57,0.57,0.57,152,0.58,193,9882,1563,2024-05-06,0.09346,0.26346,0.09138,-0.31156,0.12488,0.00743
SPY240508C00520000,SPY,2024-05-08,520.00,call,0.34,0.34,0.33,351,0.34,100,22455,4406,2024-05-06,0.09239,0.17838,0.07385,-0.24385,0.09977,0.00503
SPY240508C00521000,SPY,2024-05-08,521.00,call,0.18,0.18,0.18,467,0.19,318,5236,846,2024-05-06,0.09010,0.10876,0.05413,-0.16883,0.07132,0.00307
SPY240508C00522000,SPY,2024-05-08,522.00,call,0.10,0.10,0.09,917,0.10,407,3509,1211,2024-05-06,0.09087,0.06580,0.03684,-0.11614,0.04895,0.00186
SPY240508C00523000,SPY,2024-05-08,523.00,call,0.06,0.06,0.05,1012,0.06,4167,2170,797,2024-05-06,0.09376,0.04121,0.02462,-0.08223,0.03376,0.00116
SPY240508C00524000,SPY,2024-05-08,524.00,call,0.04,0.04,0.03,359,0.04,2201,2355,644,2024-05-06,0.09849,0.02774,0.01693,-0.06211,0.02438,0.00078
SPY240508C00525000,SPY,2024-05-08,525.00,call,0.03,0.03,0.02,359,0.03,4789,965,2096,2024-05-06,0.10474,0.02036,0.01227,-0.05075,0.01880,0.00057
SPY240508C00526000,SPY,2024-05-08,526.00,call,0.02,0.01,0.01,5913,0.02,6493,1344,691,2024-05-06,0.09956,0.00794,0.00572,-0.02133,0.00833,0.00022
SPY240508C00527000,SPY,2024-05-08,527.00,call,0.02,0.01,0.01,1135,0.02,5920,178,456,2024-05-06,0.10885,0.00733,0.00488,-0.02168,0.00776,0.00021
SPY240508C00528000,SPY,2024-05-08,528.00,call,0.02,0.01,0.01,776,0.02,5891,27,568,2024-05-06,0.11800,0.00680,0.00421,-0.02193,0.00726,0.00019
SPY240508C00529000,SPY,2024-05-08,529.00,call,0.01,0.01,0.01,784,0.02,6212,248,303,2024-05-06,0.12715,0.00638,0.00369,-0.02229,0.00686,0.00018
SPY240508C00530000,SPY,2024-05-08,530.00,call,0.01,0.01,0.01,263,0.02,6212,352,1179,2024-05-06,0.13614,0.00599,0.00326,-0.02254,0.00649,0.00017
SPY240508C00535000,SPY,2024-05-08,535.00,call,0.01,0.01,0.00,0,0.01,2842,1048,466,2024-05-06,0.18004,0.00464,0.00196,-0.02362,0.00517,0.00013
SPY240508C00540000,SPY,2024-05-08,540.00,call,0.01,0.01,0.00,0,0.01,5066,20,809,2024-05-06,0.22257,0.00383,0.00134,-0.02455,0.00436,0.00011
SPY240508C00550000,SPY,2024-05-08,550.00,call,0.01,0.01,0.00,0,0.01,5655,1,106,2024-05-06,0.30412,0.00288,0.00076,-0.02585,0.00337,0.00008
SPY240509C00450000,SPY,2024-05-09,450.00,call,64.60,66.69,66.53,75,66.85,75,1,0,2024-05-06,0.51709,1.00000,0.00000,-0.06568,0.00000,0.03697
SPY240509C00460000,SPY,2024-05-09,460.00,call,49.38,56.70,56.54,75,56.86,75,0,1,2024-05-06,0.43941,1.00000,0.00000,-0.06714,0.00000,0.03779
SPY240509C00470000,SPY,2024-05-09,470.00,call,0.00,46.71,46.55,75,46.87,75,0,0,2024-05-06,0.36174,1.00000,0.00000,-0.06860,0.00000,0.03861
SPY240509C00475000,SPY,2024-05-09,475.00,call,0.00,41.72,41.56,75,41.88,75,0,0,2024-05-06,0.32290,1.00000,0.00000,-0.06933,0.00000,0.03902
SPY240509C00480000,SPY,2024-05-09,480.00,call,0.00,36.72,36.56,75,36.88,75,0,0,2024-05-06,0.28406,1.00000,0.00000,-0.07006,0.00000,0.03943
SPY240509C00481000,SPY,2024-05-09,481.00,call,0.00,35.73,35.57,75,35.88,75,0,0,2024-05-06,0.27629,1.00000,0.00000,-0.07021,0.00000,0.03952
SPY240509C00482000,SPY,2024-05-09,482.00,call,0.00,34.73,34.57,75,34.89,75,0,0,2024-05-06,0.26853,1.00000,0.00000,-0.07035,0.00000,0.03960
SPY240509C00483000,SPY,2024-05-09,483.00,call,0.00,33.73,33.57,75,33.89,75,0,0,2024-05-06,0.26076,1.00000,0.00000,-0.07050,0.00000,0.03968
SPY240509C00484000,SPY,2024-05-09,484.00,call,0.00,32.73,32.57,75,32.89,75,0,0,2024-05-06,0.25299,1.00000,0.00000,-0.07065,0.00000,0.03976
SPY240509C00485000,SPY,2024-05-09,485.00,call,26.30,31.73,31.57,75,31.89,75,0,100,2024-05-06,0.24522,1.00000,0.00000,-0.07079,0.00000,0.03985
SPY240509C00486000,SPY,2024-05-09,486.00,call,29.32,30.73,30.57,75,30.89,75,3,7,2024-05-06,0.23745,1.00000,0.00000,-0.07094,0.00000,0.03993
SPY240509C00487000,SPY,2024-05-09,487.00,call,27.94,29.73,29.57,75,29.89,75,1,0,2024-05-06,0.22969,1.00000,0.00000,-0.07108,0.00000,0.04001
SPY240509C00488000,SPY,2024-05-09,488.00,call,27.04,28.74,28.58,75,28.90,75,1,0,2024-05-06,0.22192,1.00000,0.00000,-0.07123,0.00000,0.04009
SPY240509C00489000,SPY,2024-05-09,489.00,call,26.85,27.74,27.58,75,27.90,75,1,14,2024-05-06,0.21415,1.00000,0.00000,-0.07138,0.00000,0.04017
SPY240509C00490000,SPY,2024-05-09,490.00,call,25.63,26.74,26.58,100,26.90,100,10,91,2024-05-06,0.20638,1.00000,0.00000,-0.07152,0.00000,0.04026
SPY240509C00491000,SPY,2024-05-09,491.00,call,20.37,25.74,25.58,325,25.90,325,0,3,2024-05-06,0.19862,1.00000,0.00000,-0.07167,0.00000,0.04034
SPY240509C00492000,SPY,2024-05-09,492.00,call,22.84,24.74,24.59,325,24.90,325,1,1,2024-05-06,0.19085,1.00000,0.00000,-0.07181,0.00000,0.04042
SPY240509C00493000,SPY,2024-05-09,493.00,call,22.93,23.75,23.59,325,23.91,325,9,8,2024-05-06,0.18308,1.00000,0.00000,-0.07196,0.00000,0.04050
SPY240509C00494000,SPY,2024-05-09,494.00,call,16.14,22.75,22.59,325,22.91,325,0,4,2024-05-06,0.17531,1.00000,0.00000,-0.07211,0.00000,0.04058
SPY240509C00495000,SPY,2024-05-09,495.00,call,20.13,21.75,21.59,325,21.91,325,6,63,2024-05-06,0.16755,1.00000,0.00000,-0.07225,0.00000,0.04067
SPY240509C00496000,SPY,2024-05-09,496.00,call,16.04,20.76,20.60,325,20.91,325,0,184,2024-05-06,0.15978,1.00000,0.00000,-0.07240,0.00000,0.04075
SPY240509C00497000,SPY,2024-05-09,497.00,call,18.19,19.76,19.60,325,19.92,325,10,41,2024-05-06,0.15201,1.00000,0.00000,-0.07254,0.00000,0.04083
SPY240509C00498000,SPY,2024-05-09,498.00,call,14.09,18.77,18.67,325,18.87,100,0,186,2024-05-06,0.14424,1.00000,0.00000,-0.07269,0.00000,0.04091
SPY240509C00499000,SPY,2024-05-09,499.00,call,16.25,17.78,17.68,100,17.88,100,44,161,2024-05-06,0.13648,1.00000,0.00000,-0.07284,0.00000,0.04100
SPY240509C00500000,SPY,2024-05-09,500.00,call,14.71,16.78,16.68,325,16.88,100,4,172,2024-05-06,0.12871,1.00000,0.00000,-0.07298,0.00000,0.04108
SPY240509C00501000,SPY,2024-05-09,501.00,call,15.85,15.79,15.69,325,15.89,100,21,241,2024-05-06,0.10321,0.99955,0.00033,-0.07438,0.00075,0.04114
SPY240509C00502000,SPY,2024-05-09,502.00,call,14.78,14.80,14.70,250,14.90,100,14,244,2024-05-06,0.12593,0.99462,0.00262,-0.08805,0.00723,0.04101
SPY240509C00503000,SPY,2024-05-09,503.00,call,13.78,13.81,13.71,325,13.91,100,48,275,2024-05-06,0.12791,0.99034,0.00432,-0.09851,0.01211,0.04091
SPY240509C00504000,SPY,2024-05-09,504.00,call,12.10,12.82,12.73,250,12.92,100,34,348,2024-05-06,0.12623,0.98598,0.00605,-0.10772,0.01674,0.04081
SPY240509C00505000,SPY,2024-05-09,505.00,call,11.77,11.84,11.75,328,11.94,100,48,1497,2024-05-06,0.12684,0.97798,0.00884,-0.12405,0.02460,0.04055
SPY240509C00506000,SPY,2024-05-09,506.00,call,10.17,10.88,10.78,335,10.97,100,31,498,2024-05-06,0.13020,0.96364,0.01308,-0.15212,0.03734,0.04002
SPY240509C00507000,SPY,2024-05-09,507.00,call,9.15,9.91,9.82,335,10.00,102,44,422,2024-05-06,0.12699,0.95234,0.01669,-0.16878,0.04648,0.03962
SPY240509C00508000,SPY,2024-05-09,508.00,call,8.93,8.96,8.88,335,9.05,100,79,709,2024-05-06,0.12547,0.93510,0.02155,-0.19325,0.05931,0.03897
SPY240509C00509000,SPY,2024-05-09,509.00,call,8.00,8.03,7.95,316,8.11,100,417,715,2024-05-06,0.12440,0.91204,0.02740,-0.22264,0.07476,0.03806
SPY240509C00510000,SPY,2024-05-09,510.00,call,7.25,7.12,7.04,100,7.19,100,725,1559,2024-05-06,0.12273,0.88403,0.03397,-0.25269,0.09145,0.03695
SPY240509C00511000,SPY,2024-05-09,511.00,call,6.22,6.22,6.16,100,6.29,102,409,596,2024-05-06,0.11922,0.85290,0.04122,-0.27758,0.10778,0.03570
SPY240509C00512000,SPY,2024-05-09,512.00,call,5.48,5.37,5.31,100,5.43,100,354,1201,2024-05-06,0.11754,0.81066,0.04919,-0.30880,0.12682,0.03398
SPY240509C00513000,SPY,2024-05-09,513.00,call,4.75,4.55,4.50,100,4.60,100,1822,1327,2024-05-06,0.11480,0.76227,0.05752,-0.33395,0.14483,0.03199
SPY240509C00514000,SPY,2024-05-09,514.00,call,3.72,3.79,3.75,100,3.83,100,4737,1295,2024-05-06,0.11297,0.70363,0.06536,-0.35741,0.16193,0.02956
SPY240509C00515000,SPY,2024-05-09,515.00,call,3.06,3.08,3.06,101,3.10,61,13076,8426,2024-05-06,0.11038,0.63794,0.07252,-0.37062,0.17555,0.02683
SPY240509C00516000,SPY,2024-05-09,516.00,call,2.47,2.45,2.44,200,2.46,61,4846,539,2024-05-06,0.10855,0.56420,0.07746,-0.37583,0.18441,0.02375
SPY240509C00517000,SPY,2024-05-09,517.00,call,1.87,1.90,1.88,200,1.91,306,2851,880,2024-05-06,0.10703,0.48574,0.07954,-0.36941,0.18671,0.02047
SPY240509C00518000,SPY,2024-05-09,518.00,call,1.42,1.42,1.40,246,1.43,298,1879,1128,2024-05-06,0.10489,0.40521,0.07891,-0.34771,0.18153,0.01709
SPY240509C00519000,SPY,2024-05-09,519.00,call,1.00,1.02,1.01,200,1.03,194,1420,1000,2024-05-06,0.10276,0.32560,0.07485,-0.31330,0.16868,0.01374
SPY240509C00520000,SPY,2024-05-09,520.00,call,0.69,0.71,0.70,134,0.72,363,12252,9276,2024-05-06,0.10123,0.25182,0.06729,-0.27095,0.14939,0.01063
SPY240509C00521000,SPY,2024-05-09,521.00,call,0.48,0.47,0.46,452,0.48,268,2248,646,2024-05-06,0.09940,0.18554,0.05744,-0.22141,0.12524,0.00784
SPY240509C00522000,SPY,2024-05-09,522.00,call,0.29,0.30,0.29,729,0.31,546,1596,681,2024-05-06,0.09803,0.13075,0.04626,-0.17234,0.09947,0.00553
SPY240509C00523000,SPY,2024-05-09,523.00,call,0.18,0.18,0.18,826,0.19,572,2607,545,2024-05-06,0.09651,0.08700,0.03503,-0.12581,0.07415,0.00368
SPY240509C00524000,SPY,2024-05-09,524.00,call,0.11,0.11,0.11,351,0.12,974,1760,206,2024-05-06,0.09651,0.05731,0.02542,-0.09086,0.05381,0.00242
SPY240509C00525000,SPY,2024-05-09,525.00,call,0.07,0.07,0.06,2573,0.07,764,880,325,2024-05-06,0.09788,0.03833,0.01816,-0.06647,0.03898,0.00162
SPY240509C00526000,SPY,2024-05-09,526.00,call,0.05,0.04,0.04,2342,0.05,1846,306,441,2024-05-06,0.09773,0.02341,0.01208,-0.04394,0.02590,0.00099
SPY240509C00527000,SPY,2024-05-09,527.00,call,0.03,0.04,0.03,309,0.04,3608,183,35,2024-05-06,0.10657,0.02175,0.01042,-0.04487,0.02434,0.00092
SPY240509C00528000,SPY,2024-05-09,528.00,call,0.03,0.03,0.02,952,0.03,5099,83,46,2024-05-06,0.11038,0.01625,0.00785,-0.03616,0.01899,0.00069
SPY240509C00529000,SPY,2024-05-09,529.00,call,0.02,0.01,0.01,4483,0.02,1730,139,32,2024-05-06,0.10321,0.00639,0.00372,-0.01497,0.00843,0.00027
SPY240509C00530000,SPY,2024-05-09,530.00,call,0.01,0.01,0.01,3626,0.02,2954,101,1086,2024-05-06,0.11053,0.00599,0.00328,-0.01510,0.00795,0.00025
SPY240509C00535000,SPY,2024-05-09,535.00,call,0.02,0.01,0.01,983,0.02,6175,277,10,2024-05-06,0.14651,0.00467,0.00198,-0.01590,0.00637,0.00020
SPY240509C00540000,SPY,2024-05-09,540.00,call,0.02,0.01,0.00,0,0.01,2233,123,233,2024-05-06,0.18111,0.00383,0.00134,-0.01639,0.00534,0.00016
SPY240509C00550000,SPY,2024-05-09,550.00,call,0.01,0.01,0.00,0,0.01,4992,1,988,2024-05-06,0.24772,0.00288,0.00076,-0.01725,0.00413,0.00012
SPY240510C00325000,SPY,2024-05-10,325.00,call,189.42,191.62,191.46,75,191.78,75,2,22,2024-05-06,1.19043,1.00000,0.00000,-0.04743,0.00000,0.03560
SPY240510C00330000,SPY,2024-05-10,330.00,call,169.06,186.62,186.46,75,186.79,75,0,6,2024-05-06,1.15936,1.00000,0.00000,-0.04816,0.00000,0.03614
SPY240510C00335000,SPY,2024-05-10,335.00,call,181.30,181.63,181.47,75,181.79,75,0,1,2024-05-06,1.12829,1.00000,0.00000,-0.04889,0.00000,0.03669
SPY240510C00340000,SPY,2024-05-10,340.00,call,0.00,176.63,176.47,75,176.80,75,0,0,2024-05-06,1.09722,1.00000,0.00000,-0.04962,0.00000,0.03724
SPY240510C00345000,SPY,2024-05-10,345.00,call,164.60,171.64,171.48,75,171.80,75,0,13,2024-05-06,1.06615,1.00000,0.00000,-0.05035,0.00000,0.03779
SPY240510C00350000,SPY,2024-05-10,350.00,call,162.19,166.65,166.49,75,166.81,75,0,66,2024-05-06,1.03508,1.00000,0.00000,-0.05108,0.00000,0.03833
SPY240510C00355000,SPY,2024-05-10,355.00,call,169.86,161.65,161.49,75,161.81,75,0,52,2024-05-06,1.00401,1.00000,0.00000,-0.05181,0.00000,0.03888
SPY240510C00360000,SPY,2024-05-10,360.00,call,0.00,156.66,156.50,75,156.82,75,0,0,2024-05-06,0.97294,1.00000,0.00000,-0.05254,0.00000,0.03943
SPY240510C00365000,SPY,2024-05-10,365.00,call,0.00,151.66,151.50,75,151.82,75,0,0,2024-05-06,0.94187,1.00000,0.00000,-0.05327,0.00000,0.03998
SPY240510C00370000,SPY,2024-05-10,370.00,call,0.00,146.67,146.51,75,146.83,75,0,0,2024-05-06,0.91080,1.00000,0.00000,-0.05400,0.00000,0.04052
SPY240510C00375000,SPY,2024-05-10,375.00,call,0.00,141.68,141.51,75,141.84,75,0,0,2024-05-06,0.87973,1.00000,0.00000,-0.05473,0.00000,0.04107
SPY240510C00380000,SPY,2024-05-10,380.00,call,0.00,136.68,136.52,75,136.84,75,0,0,2024-05-06,0.84865,1.00000,0.00000,-0.05546,0.00000,0.04162
SPY240510C00385000,SPY,2024-05-10,385.00,call,0.00,131.69,131.52,75,131.85,75,0,0,2024-05-06,0.81758,1.00000,0.00000,-0.05619,0.00000,0.04217
SPY240510C00390000,SPY,2024-05-10,390.00,call,0.00,126.69,126.53,75,126.85,75,0,0,2024-05-06,0.78651,1.00000,0.00000,-0.05692,0.00000,0.04271
SPY240510C00395000,SPY,2024-05-10,395.00,call,115.91,121.70,121.54,75,121.86,75,0,12,2024-05-06,0.75544,1.00000,0.00000,-0.05765,0.00000,0.04326
SPY240510C00400000,SPY,2024-05-10,400.00,call,114.65,116.71,116.54,75,116.87,75,1,14,2024-05-06,0.72437,1.00000,0.00000,-0.05838,0.00000,0.04381
SPY240510C00405000,SPY,2024-05-10,405.00,call,97.44,111.71,111.55,75,111.87,75,0,10,2024-05-06,0.69330,1.00000,0.00000,-0.05911,0.00000,0.04436
SPY240510C00410000,SPY,2024-05-10,410.00,call,105.99,106.72,106.56,75,106.88,75,2,3,2024-05-06,0.66223,1.00000,0.00000,-0.05984,0.00000,0.04491
SPY240510C00415000,SPY,2024-05-10,415.00,call,94.62,101.72,101.56,75,101.88,75,0,2,2024-05-06,0.63116,1.00000,0.00000,-0.06057,0.00000,0.04545
SPY240510C00420000,SPY,2024-05-10,420.00,call,92.08,96.73,96.57,75,96.89,75,0,34,2024-05-06,0.60009,1.00000,0.00000,-0.06130,0.00000,0.04600
SPY240510C00425000,SPY,2024-05-10,425.00,call,80.42,91.73,91.57,75,91.90,75,0,16,2024-05-06,0.56902,1.00000,0.00000,-0.06203,0.00000,0.04655
SPY240510C00430000,SPY,2024-05-10,430.00,call,81.94,86.74,86.58,75,86.90,75,0,4,2024-05-06,0.53795,1.00000,0.00000,-0.06276,0.00000,0.04710
SPY240510C00435000,SPY,2024-05-10,435.00,call,67.28,81.75,81.59,75,81.91,75,0,7,2024-05-06,0.50688,1.00000,0.00000,-0.06348,0.00000,0.04764
SPY240510C00440000,SPY,2024-05-10,440.00,call,72.00,76.75,76.59,75,76.91,75,0,66,2024-05-06,0.47581,1.00000,0.00000,-0.06421,0.00000,0.04819
SPY240510C00445000,SPY,2024-05-10,445.00,call,56.28,71.76,71.60,75,71.92,75,0,9,2024-05-06,0.44474,1.00000,0.00000,-0.06494,0.00000,0.04874
SPY240510C00450000,SPY,2024-05-10,450.00,call,66.69,66.76,66.60,75,66.92,75,15,43,2024-05-06,0.41367,1.00000,0.00000,-0.06567,0.00000,0.04929
SPY240510C00455000,SPY,2024-05-10,455.00,call,59.63,61.77,61.61,75,61.93,75,9,12,2024-05-06,0.38260,1.00000,0.00000,-0.06640,0.00000,0.04983
SPY240510C00460000,SPY,2024-05-10,460.00,call,55.75,56.78,56.62,75,56.94,75,22,58,2024-05-06,0.35153,1.00000,0.00000,-0.06713,0.00000,0.05038
SPY240510C00465000,SPY,2024-05-10,465.00,call,50.58,51.78,51.62,75,51.94,75,6,53,2024-05-06,0.32046,1.00000,0.00000,-0.06786,0.00000,0.05093
SPY240510C00470000,SPY,2024-05-10,470.00,call,46.47,46.79,46.63,75,46.95,75,4,135,2024-05-06,0.28939,1.00000,0.00000,-0.06859,0.00000,0.05148
SPY240510C00475000,SPY,2024-05-10,475.00,call,40.90,41.80,41.64,75,41.96,75,5,198,2024-05-06,0.25832,1.00000,0.00000,-0.06932,0.00000,0.05202
SPY240510C00480000,SPY,2024-05-10,480.00,call,35.90,36.81,36.65,75,36.97,75,35,134,2024-05-06,0.22725,1.00000,0.00000,-0.07005,0.00000,0.05257
SPY240510C00481000,SPY,2024-05-10,481.00,call,20.28,35.81,35.65,75,35.97,75,0,1,2024-05-06,0.22103,1.00000,0.00000,-0.07020,0.00000,0.05268
SPY240510C00482000,SPY,2024-05-10,482.00,call,21.30,34.81,34.65,75,34.97,75,0,7,2024-05-06,0.21482,1.00000,0.00000,-0.07034,0.00000,0.05279
SPY240510C00483000,SPY,2024-05-10,483.00,call,28.51,33.81,33.65,75,33.97,75,0,3,2024-05-06,0.20861,1.00000,0.00000,-0.07049,0.00000,0.05290
SPY240510C00484000,SPY,2024-05-10,484.00,call,30.24,32.82,32.66,75,32.98,75,1,5,2024-05-06,0.20239,1.00000,0.00000,-0.07064,0.00000,0.05301
SPY240510C00485000,SPY,2024-05-10,485.00,call,30.86,31.82,31.66,75,31.98,75,16,205,2024-05-06,0.19618,1.00000,0.00000,-0.07078,0.00000,0.05312
SPY240510C00486000,SPY,2024-05-10,486.00,call,29.63,30.82,30.66,75,30.98,75,13,22,2024-05-06,0.18996,1.00000,0.00000,-0.07093,0.00000,0.05323
SPY240510C00487000,SPY,2024-05-10,487.00,call,27.96,29.82,29.66,75,29.98,75,4,19,2024-05-06,0.18375,1.00000,0.00000,-0.07107,0.00000,0.05334
SPY240510C00488000,SPY,2024-05-10,488.00,call,15.40,28.83,28.67,75,28.98,75,0,8,2024-05-06,0.17754,1.00000,0.00000,-0.07122,0.00000,0.05345
SPY240510C00489000,SPY,2024-05-10,489.00,call,22.86,27.83,27.67,75,27.99,75,0,55,2024-05-06,0.17132,1.00000,0.00000,-0.07137,0.00000,0.05356
SPY240510C00490000,SPY,2024-05-10,490.00,call,26.87,26.83,26.67,100,26.99,100,65,5255,2024-05-06,0.16511,1.00000,0.00000,-0.07151,0.00000,0.05367
SPY240510C00491000,SPY,2024-05-10,491.00,call,21.44,25.84,25.68,325,25.99,325,0,22,2024-05-06,0.15889,1.00000,0.00000,-0.07166,0.00000,0.05378
SPY240510C00492000,SPY,2024-05-10,492.00,call,20.21,24.84,24.68,325,25.00,325,0,345,2024-05-06,0.15268,1.00000,0.00000,-0.07180,0.00000,0.05389
SPY240510C00493000,SPY,2024-05-10,493.00,call,21.35,23.84,23.69,325,24.00,325,6,252,2024-05-06,0.14647,1.00000,0.00000,-0.07195,0.00000,0.05400
SPY240510C00494000,SPY,2024-05-10,494.00,call,18.53,22.85,22.75,325,22.95,100,0,1033,2024-05-06,0.14025,1.00000,0.00000,-0.07210,0.00000,0.05411
SPY240510C00495000,SPY,2024-05-10,495.00,call,21.72,21.86,21.76,100,21.95,100,11,1150,2024-05-06,0.12623,0.99948,0.00027,-0.07378,0.00100,0.05419
SPY240510C00496000,SPY,2024-05-10,496.00,call,18.47,20.86,20.76,325,20.96,100,4,598,2024-05-06,0.11282,0.99976,0.00015,-0.07304,0.00048,0.05431
SPY240510C00497000,SPY,2024-05-10,497.00,call,19.58,19.87,19.77,325,19.97,100,73,782,2024-05-06,0.14193,0.99593,0.00157,-0.08377,0.00651,0.05420
SPY240510C00498000,SPY,2024-05-10,498.00,call,18.12,18.88,18.78,100,18.97,100,25,1800,2024-05-06,0.14620,0.99261,0.00258,-0.09231,0.01105,0.05412
SPY240510C00499000,SPY,2024-05-10,499.00,call,16.81,17.88,17.79,100,17.98,100,6,3503,2024-05-06,0.13858,0.99251,0.00276,-0.09163,0.01119,0.05423
SPY240510C00500000,SPY,2024-05-10,500.00,call,17.00,16.89,16.80,100,16.99,100,306,3119,2024-05-06,0.13858,0.98913,0.00382,-0.09900,0.01550,0.05414
SPY240510C00501000,SPY,2024-05-10,501.00,call,15.01,15.91,15.81,325,16.01,100,173,1544,2024-05-06,0.14132,0.98281,0.00557,-0.11248,0.02302,0.05389
SPY240510C00502000,SPY,2024-05-10,502.00,call,14.94,14.93,14.83,403,15.02,100,58,2132,2024-05-06,0.14071,0.97667,0.00725,-0.12396,0.02983,0.05365
SPY240510C00503000,SPY,2024-05-10,503.00,call,14.03,13.95,13.86,100,14.04,100,77,2230,2024-05-06,0.13827,0.97040,0.00900,-0.13406,0.03639,0.05341
SPY240510C00504000,SPY,2024-05-10,504.00,call,12.73,12.98,12.89,100,13.07,100,170,2269,2024-05-06,0.13690,0.96137,0.01131,-0.14814,0.04530,0.05300
SPY240510C00505000,SPY,2024-05-10,505.00,call,12.00,12.02,11.93,100,12.11,100,656,8289,2024-05-06,0.13568,0.94981,0.01410,-0.16477,0.05594,0.05245
SPY240510C00506000,SPY,2024-05-10,506.00,call,11.15,11.07,10.98,335,11.15,100,163,2915,2024-05-06,0.13431,0.93561,0.01733,-0.18323,0.06806,0.05175
SPY240510C00507000,SPY,2024-05-10,507.00,call,10.20,10.12,10.04,335,10.20,102,239,2230,2024-05-06,0.13096,0.92124,0.02075,-0.19807,0.07945,0.05104
SPY240510C00507500,SPY,2024-05-10,507.50,call,9.71,9.66,9.58,332,9.74,100,35,1308,2024-05-06,0.13065,0.91064,0.02286,-0.20994,0.08735,0.05049
SPY240510C00508000,SPY,2024-05-10,508.00,call,9.16,9.18,9.12,335,9.25,108,491,2278,2024-05-06,0.12760,0.90367,0.02474,-0.21411,0.09234,0.05015
SPY240510C00509000,SPY,2024-05-10,509.00,call,8.41,8.27,8.22,185,8.32,110,658,15513,2024-05-06,0.12547,0.88000,0.02948,-0.23483,0.10818,0.04891
SPY240510C00510000,SPY,2024-05-10,510.00,call,7.34,7.39,7.34,100,7.45,104,3323,8044,2024-05-06,0.12395,0.85037,0.03473,-0.25809,0.12588,0.04733
SPY240510C00511000,SPY,2024-05-10,511.00,call,6.47,6.55,6.49,100,6.61,100,3231,5476,2024-05-06,0.12318,0.81392,0.04022,-0.28351,0.14487,0.04536
SPY240510C00512000,SPY,2024-05-10,512.00,call,5.69,5.72,5.67,100,5.77,105,1997,5983,2024-05-06,0.12059,0.77532,0.04595,-0.30193,0.16205,0.04326
SPY240510C00512500,SPY,2024-05-10,512.50,call,5.25,5.33,5.28,100,5.37,100,1044,2896,2024-05-06,0.11998,0.75256,0.04871,-0.31231,0.17091,0.04202
SPY240510C00513000,SPY,2024-05-10,513.00,call,4.92,4.94,4.90,100,4.98,111,4184,10979,2024-05-06,0.11876,0.72940,0.05154,-0.32003,0.17900,0.04075
SPY240510C00514000,SPY,2024-05-10,514.00,call,4.20,4.21,4.18,109,4.23,101,49414,16319,2024-05-06,0.11709,0.67749,0.05666,-0.33445,0.19402,0.03789
SPY240510C00515000,SPY,2024-05-10,515.00,call,3.43,3.51,3.50,101,3.53,1,41638,28475,2024-05-06,0.11434,0.62137,0.06151,-0.34032,0.20567,0.03479
SPY240510C00516000,SPY,2024-05-10,516.00,call,2.83,2.91,2.89,200,2.92,235,13452,4544,2024-05-06,0.11358,0.55880,0.06425,-0.34469,0.21339,0.03132
SPY240510C00517000,SPY,2024-05-10,517.00,call,2.34,2.35,2.34,51,2.36,200,8940,2073,2024-05-06,0.11190,0.49389,0.06592,-0.33865,0.21571,0.02770
SPY240510C00517500,SPY,2024-05-10,517.50,call,2.05,2.09,2.08,200,2.10,86,3059,1694,2024-05-06,0.11068,0.46056,0.06633,-0.33146,0.21468,0.02584
SPY240510C00518000,SPY,2024-05-10,518.00,call,1.80,1.85,1.85,50,1.86,50,12112,4297,2024-05-06,0.10977,0.42701,0.06608,-0.32299,0.21212,0.02397
SPY240510C00519000,SPY,2024-05-10,519.00,call,1.40,1.43,1.42,117,1.44,200,20316,18621,2024-05-06,0.10824,0.36057,0.06395,-0.30088,0.20242,0.02026
SPY240510C00520000,SPY,2024-05-10,520.00,call,1.07,1.07,1.06,252,1.08,126,19980,18732,2024-05-06,0.10642,0.29596,0.06005,-0.27073,0.18686,0.01664
SPY240510C00521000,SPY,2024-05-10,521.00,call,0.78,0.79,0.78,200,0.80,350,6961,4280,2024-05-06,0.10550,0.23738,0.05416,-0.23816,0.16710,0.01335
SPY240510C00522000,SPY,2024-05-10,522.00,call,0.55,0.56,0.55,316,0.57,241,5673,2397,2024-05-06,0.10398,0.18364,0.04726,-0.20052,0.14369,0.01033
SPY240510C00522500,SPY,2024-05-10,522.50,call,0.46,0.47,0.46,289,0.48,300,1762,1476,2024-05-06,0.10352,0.16012,0.04349,-0.18235,0.13164,0.00901
SPY240510C00523000,SPY,2024-05-10,523.00,call,0.38,0.39,0.38,557,0.40,377,4824,1862,2024-05-06,0.10306,0.13850,0.03965,-0.16432,0.11949,0.00780
SPY240510C00524000,SPY,2024-05-10,524.00,call,0.26,0.27,0.26,445,0.27,507,5053,2139,2024-05-06,0.10276,0.10242,0.03214,-0.13173,0.09657,0.00577
SPY240510C00525000,SPY,2024-05-10,525.00,call,0.18,0.17,0.17,1114,0.18,288,7886,15879,2024-05-06,0.10093,0.07057,0.02476,-0.09748,0.07307,0.00398
SPY240510C00526000,SPY,2024-05-10,526.00,call,0.12,0.11,0.11,2541,0.12,1395,1345,2329,2024-05-06,0.10062,0.04879,0.01859,-0.07246,0.05470,0.00275
SPY240510C00527000,SPY,2024-05-10,527.00,call,0.08,0.08,0.08,298,0.09,2825,842,1270,2024-05-06,0.10291,0.03625,0.01429,-0.05805,0.04301,0.00204
SPY240510C00527500,SPY,2024-05-10,527.50,call,0.08,0.07,0.06,2812,0.07,1433,112,813,2024-05-06,0.10459,0.03190,0.01266,-0.05301,0.03871,0.00180
SPY240510C00528000,SPY,2024-05-10,528.00,call,0.07,0.06,0.05,2651,0.06,1882,283,1367,2024-05-06,0.10581,0.02758,0.01109,-0.04745,0.03431,0.00155
SPY240510C00529000,SPY,2024-05-10,529.00,call,0.05,0.04,0.04,309,0.05,3053,3998,4218,2024-05-06,0.10657,0.01907,0.00807,-0.03492,0.02514,0.00107
SPY240510C00530000,SPY,2024-05-10,530.00,call,0.03,0.04,0.03,309,0.04,4333,1266,4665,2024-05-06,0.11388,0.01796,0.00717,-0.03536,0.02389,0.00101
SPY240510C00531000,SPY,2024-05-10,531.00,call,0.04,0.03,0.02,2355,0.03,2936,144,957,2024-05-06,0.11632,0.01361,0.00554,-0.02840,0.01883,0.00077
SPY240510C00532000,SPY,2024-05-10,532.00,call,0.03,0.03,0.02,897,0.03,5790,257,1761,2024-05-06,0.12334,0.01294,0.00500,-0.02878,0.01803,0.00073
SPY240510C00532500,SPY,2024-05-10,532.50,call,0.02,0.01,0.01,5150,0.02,1823,5,913,2024-05-06,0.11099,0.00526,0.00252,-0.01175,0.00819,0.00030
SPY240510C00533000,SPY,2024-05-10,533.00,call,0.02,0.01,0.01,5126,0.02,1840,8,725,2024-05-06,0.11404,0.00512,0.00239,-0.01176,0.00798,0.00029
SPY240510C00534000,SPY,2024-05-10,534.00,call,0.01,0.01,0.01,4413,0.02,2271,168,934,2024-05-06,0.12029,0.00490,0.00218,-0.01192,0.00768,0.00028
SPY240510C00535000,SPY,2024-05-10,535.00,call,0.02,0.01,0.01,3933,0.02,2769,51,9912,2024-05-06,0.12638,0.00468,0.00199,-0.01199,0.00737,0.00026
SPY240510C00536000,SPY,2024-05-10,536.00,call,0.01,0.01,0.01,3595,0.02,4784,8,2470,2024-05-06,0.13248,0.00448,0.00183,-0.01209,0.00710,0.00025
SPY240510C00537000,SPY,2024-05-10,537.00,call,0.01,0.01,0.01,3330,0.02,5103,149,1049,2024-05-06,0.13858,0.00432,0.00169,-0.01221,0.00686,0.00024
SPY240510C00538000,SPY,2024-05-10,538.00,call,0.01,0.01,0.01,3080,0.02,5239,164,859,2024-05-06,0.14452,0.00414,0.00156,-0.01224,0.00661,0.00023
SPY240510C00539000,SPY,2024-05-10,539.00,call,0.01,0.01,0.01,2678,0.02,5223,1,3958,2024-05-06,0.15047,0.00398,0.00145,-0.01231,0.00638,0.00022
SPY240510C00540000,SPY,2024-05-10,540.00,call,0.01,0.01,0.01,2408,0.02,5223,188,4666,2024-05-06,0.15641,0.00385,0.00135,-0.01239,0.00619,0.00022
SPY240510C00545000,SPY,2024-05-10,545.00,call,0.01,0.01,0.01,916,0.02,6183,3129,1243,2024-05-06,0.18568,0.00330,0.00099,-0.01276,0.00539,0.00019
SPY240510C00550000,SPY,2024-05-10,550.00,call,0.01,0.01,0.00,0,0.01,2012,1,2086,2024-05-06,0.21419,0.00290,0.00077,-0.01305,0.00479,0.00016
SPY240510C00555000,SPY,2024-05-10,555.00,call,0.01,0.01,0.00,0,0.01,3996,33,3206,2024-05-06,0.24193,0.00257,0.00061,-0.01323,0.00431,0.00014
SPY240510C00560000,SPY,2024-05-10,560.00,call,0.01,0.01,0.00,0,0.01,4900,0,926,2024-05-06,0.26937,0.00234,0.00050,-0.01350,0.00396,0.00013
SPY240510C00565000,SPY,2024-05-10,565.00,call,0.01,0.01,0.00,0,0.01,3753,0,160,2024-05-06,0.29620,0.00215,0.00042,-0.01370,0.00366,0.00012
SPY240510C00570000,SPY,2024-05-10,570.00,call,0.01,0.01,0.00,0,0.01,5101,0,2448,2024-05-06,0.32257,0.00198,0.00036,-0.01388,0.00340,0.00011
SPY240510C00575000,SPY,2024-05-10,575.00,call,0.01,0.01,0.00,0,0.01,5126,0,7127,2024-05-06,0.34848,0.00185,0.00031,-0.01403,0.00319,0.00010
SPY240510C00580000,SPY,2024-05-10,580.00,call,0.01,0.01,0.00,0,0.01,5787,0,3066,2024-05-06,0.37409,0.00173,0.00028,-0.01421,0.00301,0.00010
SPY240510C00585000,SPY,2024-05-10,585.00,call,0.01,0.01,0.00,0,0.01,5129,0,141,2024-05-06,0.39924,0.00163,0.00024,-0.01435,0.00285,0.00009
SPY240510C00590000,SPY,2024-05-10,590.00,call,0.01,0.01,0.00,0,0.01,5456,0,14,2024-05-06,0.42394,0.00154,0.00022,-0.01444,0.00270,0.00009
SPY240510C00595000,SPY,2024-05-10,595.00,call,0.02,0.01,0.00,0,0.01,5733,0,195,2024-05-06,0.44848,0.00147,0.00020,-0.01459,0.00258,0.00008
SPY240510C00600000,SPY,2024-05-10,600.00,call,0.01,0.01,0.00,0,0.01,6141,1,103,2024-05-06,0.47256,0.00140,0.00018,-0.01470,0.00247,0.00008
SPY240513C00450000,SPY,2024-05-13,450.00,call,62.00,66.84,66.68,75,67.00,75,0,200,2024-05-06,0.25854,1.00000,0.00000,-0.06565,0.00000,0.08621
SPY240513C00460000,SPY,2024-05-13,460.00,call,0.00,56.86,56.69,75,57.02,75,0,0,2024-05-06,0.21971,1.00000,0.00000,-0.06710,0.00000,0.08813
SPY240513C00470000,SPY,2024-05-13,470.00,call,41.83,46.87,46.71,75,47.03,75,0,5,2024-05-06,0.18087,1.00000,0.00000,-0.06856,0.00000,0.09004
SPY240513C00480000,SPY,2024-05-13,480.00,call,23.99,36.89,36.73,75,37.05,75,0,4,2024-05-06,0.14203,1.00000,0.00000,-0.07002,0.00000,0.09196
SPY240513C00490000,SPY,2024-05-13,490.00,call,25.15,26.93,26.83,75,27.03,50,300,19,2024-05-06,0.10319,1.00000,0.00000,-0.07148,0.00000,0.09388
SPY240513C00491000,SPY,2024-05-13,491.00,call,13.94,25.93,25.83,100,26.03,100,0,1,2024-05-06,0.09931,1.00000,0.00000,-0.07163,0.00000,0.09407
SPY240513C00492000,SPY,2024-05-13,492.00,call,22.91,24.94,24.84,325,25.04,100,1,0,2024-05-06,0.09542,1.00000,0.00000,-0.07177,0.00000,0.09426
SPY240513C00493000,SPY,2024-05-13,493.00,call,0.00,23.94,23.84,325,24.04,100,0,0,2024-05-06,0.09154,1.00000,0.00000,-0.07192,0.00000,0.09445
SPY240513C00494000,SPY,2024-05-13,494.00,call,18.10,22.95,22.85,325,23.05,100,0,2,2024-05-06,0.08766,1.00000,0.00000,-0.07206,0.00000,0.09464
SPY240513C00495000,SPY,2024-05-13,495.00,call,16.22,21.96,21.86,325,22.06,100,0,9,2024-05-06,0.08377,1.00000,0.00000,-0.07221,0.00000,0.09483
SPY240513C00496000,SPY,2024-05-13,496.00,call,15.13,20.97,20.87,325,21.07,100,0,9,2024-05-06,0.07989,1.00000,0.00000,-0.07236,0.00000,0.09503
SPY240513C00497000,SPY,2024-05-13,497.00,call,15.76,19.98,19.88,325,20.08,100,0,30,2024-05-06,0.07601,1.00000,0.00000,-0.07250,0.00000,0.09522
SPY240513C00498000,SPY,2024-05-13,498.00,call,17.09,18.99,18.89,325,19.09,100,2,158,2024-05-06,0.07212,1.00000,0.00000,-0.07265,0.00000,0.09541
SPY240513C00499000,SPY,2024-05-13,499.00,call,16.86,18.01,17.91,100,18.10,100,22,262,2024-05-06,0.06824,1.00000,0.00000,-0.07279,0.00000,0.09560
SPY240513C00500000,SPY,2024-05-13,500.00,call,15.70,17.02,16.93,328,17.12,100,17,829,2024-05-06,0.06435,1.00000,0.00000,-0.07294,0.00000,0.09579
SPY240513C00501000,SPY,2024-05-13,501.00,call,13.90,16.05,15.95,328,16.14,100,7,169,2024-05-06,0.06047,1.00000,0.00000,-0.07308,0.00000,0.09598
SPY240513C00502000,SPY,2024-05-13,502.00,call,14.01,15.07,14.98,328,15.17,100,46,281,2024-05-06,0.05659,1.00000,0.00000,-0.07323,0.00000,0.09618
SPY240513C00503000,SPY,2024-05-13,503.00,call,14.18,14.11,14.02,100,14.20,100,50,350,2024-05-06,0.08858,0.98808,0.00490,-0.08653,0.02222,0.09518
SPY240513C00504000,SPY,2024-05-13,504.00,call,12.02,13.15,13.06,328,13.24,100,36,238,2024-05-06,0.09498,0.97483,0.00865,-0.10014,0.04204,0.09405
SPY240513C00505000,SPY,2024-05-13,505.00,call,12.23,12.20,12.12,328,12.29,100,173,243,2024-05-06,0.09803,0.96000,0.01229,-0.11380,0.06165,0.09277
SPY240513C00506000,SPY,2024-05-13,506.00,call,11.35,11.27,11.19,335,11.36,100,27,309,2024-05-06,0.10062,0.94109,0.01631,-0.12972,0.08400,0.09107
SPY240513C00507000,SPY,2024-05-13,507.00,call,10.25,10.34,10.27,335,10.42,102,187,1644,2024-05-06,0.10062,0.92253,0.02016,-0.14268,0.10380,0.08941
SPY240513C00508000,SPY,2024-05-13,508.00,call,9.58,9.45,9.37,335,9.52,102,239,452,2024-05-06,0.10199,0.89686,0.02460,-0.15982,0.12841,0.08704
SPY240513C00509000,SPY,2024-05-13,509.00,call,8.57,8.57,8.50,100,8.63,100,341,1177,2024-05-06,0.10199,0.86962,0.02905,-0.17482,0.15164,0.08451
SPY240513C00510000,SPY,2024-05-13,510.00,call,7.64,7.71,7.64,221,7.77,100,447,1514,2024-05-06,0.10138,0.83928,0.03365,-0.18860,0.17457,0.08167
SPY240513C00511000,SPY,2024-05-13,511.00,call,6.93,6.88,6.82,100,6.93,100,879,360,2024-05-06,0.10078,0.80429,0.03833,-0.20195,0.19767,0.07836
SPY240513C00512000,SPY,2024-05-13,512.00,call,6.00,6.08,6.03,100,6.13,100,581,622,2024-05-06,0.09986,0.76528,0.04299,-0.21354,0.21969,0.07465
SPY240513C00513000,SPY,2024-05-13,513.00,call,5.16,5.33,5.28,100,5.37,100,1153,608,2024-05-06,0.09925,0.72099,0.04733,-0.22403,0.24040,0.07041
SPY240513C00514000,SPY,2024-05-13,514.00,call,4.64,4.61,4.58,101,4.63,63,2182,438,2024-05-06,0.09818,0.67321,0.05136,-0.23108,0.25805,0.06581
SPY240513C00515000,SPY,2024-05-13,515.00,call,3.93,3.95,3.92,158,3.97,116,4840,674,2024-05-06,0.09757,0.62083,0.05451,-0.23597,0.27220,0.06075
SPY240513C00516000,SPY,2024-05-13,516.00,call,3.29,3.33,3.32,200,3.35,200,1871,588,2024-05-06,0.09635,0.56593,0.05708,-0.23594,0.28149,0.05543
SPY240513C00517000,SPY,2024-05-13,517.00,call,2.72,2.77,2.76,200,2.79,200,2184,595,2024-05-06,0.09529,0.50838,0.05851,-0.23215,0.28533,0.04983
SPY240513C00518000,SPY,2024-05-13,518.00,call,2.28,2.27,2.26,200,2.29,305,1937,1550,2024-05-06,0.09437,0.44956,0.05862,-0.22442,0.28311,0.04410
SPY240513C00519000,SPY,2024-05-13,519.00,call,1.85,1.83,1.81,246,1.84,200,655,549,2024-05-06,0.09346,0.39083,0.05742,-0.21255,0.27464,0.03837
SPY240513C00520000,SPY,2024-05-13,520.00,call,1.42,1.44,1.43,246,1.45,51,2577,896,2024-05-06,0.09224,0.33298,0.05508,-0.19621,0.26000,0.03271
SPY240513C00521000,SPY,2024-05-13,521.00,call,1.12,1.12,1.11,200,1.13,224,782,428,2024-05-06,0.09148,0.27859,0.05131,-0.17781,0.24022,0.02738
SPY240513C00522000,SPY,2024-05-13,522.00,call,0.83,0.85,0.84,220,0.86,226,483,644,2024-05-06,0.09056,0.22783,0.04662,-0.15683,0.21607,0.02241
SPY240513C00523000,SPY,2024-05-13,523.00,call,0.62,0.63,0.62,323,0.64,200,895,145,2024-05-06,0.08965,0.18197,0.04120,-0.13466,0.18900,0.01791
SPY240513C00524000,SPY,2024-05-13,524.00,call,0.46,0.46,0.45,767,0.47,315,533,186,2024-05-06,0.08889,0.14209,0.03536,-0.11276,0.16083,0.01399
SPY240513C00525000,SPY,2024-05-13,525.00,call,0.31,0.33,0.32,554,0.33,176,1464,318,2024-05-06,0.08843,0.10892,0.02952,-0.09253,0.13357,0.01073
SPY240513C00526000,SPY,2024-05-13,526.00,call,0.24,0.23,0.22,2017,0.24,639,331,268,2024-05-06,0.08782,0.08115,0.02392,-0.07352,0.10750,0.00800
SPY240513C00527000,SPY,2024-05-13,527.00,call,0.17,0.17,0.16,360,0.17,781,369,63,2024-05-06,0.08873,0.06210,0.01928,-0.06014,0.08753,0.00612
SPY240513C00528000,SPY,2024-05-13,528.00,call,0.11,0.11,0.11,898,0.12,1413,379,341,2024-05-06,0.08751,0.04313,0.01463,-0.04420,0.06553,0.00425
SPY240513C00529000,SPY,2024-05-13,529.00,call,0.08,0.08,0.08,304,0.09,2616,99,333,2024-05-06,0.08873,0.03247,0.01144,-0.03537,0.05197,0.00320
SPY240513C00530000,SPY,2024-05-13,530.00,call,0.07,0.06,0.05,3065,0.06,1316,471,175,2024-05-06,0.09026,0.02468,0.00896,-0.02852,0.04137,0.00243
SPY240513C00540000,SPY,2024-05-13,540.00,call,0.01,0.01,0.01,2922,0.02,2926,138,109,2024-05-06,0.11724,0.00389,0.00138,-0.00722,0.00827,0.00038
SPY240513C00550000,SPY,2024-05-13,550.00,call,0.01,0.01,0.00,0,0.01,1858,57,540,2024-05-06,0.16083,0.00290,0.00077,-0.00752,0.00636,0.00029
SPY240514C00490000,SPY,2024-05-14,490.00,call,26.98,27.04,26.94,50,27.14,50,4,34,2024-05-06,0.09173,1.00000,0.00000,-0.07147,0.00000,0.10727
SPY240514C00491000,SPY,2024-05-14,491.00,call,19.17,26.04,25.94,100,26.14,100,0,9,2024-05-06,0.08827,1.00000,0.00000,-0.07162,0.00000,0.10749
SPY240514C00492000,SPY,2024-05-14,492.00,call,20.40,25.05,24.95,325,25.15,100,0,4,2024-05-06,0.08482,1.00000,0.00000,-0.07176,0.00000,0.10771
SPY240514C00493000,SPY,2024-05-14,493.00,call,12.82,24.06,23.96,325,24.16,100,0,1,2024-05-06,0.08137,1.00000,0.00000,-0.07191,0.00000,0.10793
SPY240514C00494000,SPY,2024-05-14,494.00,call,17.94,23.07,22.97,325,23.17,100,0,6,2024-05-06,0.07792,1.00000,0.00000,-0.07205,0.00000,0.10815
SPY240514C00495000,SPY,2024-05-14,495.00,call,20.17,22.09,21.99,100,22.18,100,6,22,2024-05-06,0.07447,1.00000,0.00000,-0.07220,0.00000,0.10837
SPY240514C00496000,SPY,2024-05-14,496.00,call,9.96,21.10,21.00,100,21.20,100,0,4,2024-05-06,0.07101,1.00000,0.00000,-0.07235,0.00000,0.10859
SPY240514C00497000,SPY,2024-05-14,497.00,call,13.88,20.12,20.02,328,20.21,100,0,12,2024-05-06,0.06756,1.00000,0.00000,-0.07249,0.00000,0.10880
SPY240514C00498000,SPY,2024-05-14,498.00,call,9.04,19.13,19.04,328,19.23,100,0,15,2024-05-06,0.06411,1.00000,0.00000,-0.07264,0.00000,0.10902
SPY240514C00499000,SPY,2024-05-14,499.00,call,12.15,18.16,18.06,403,18.25,100,0,116,2024-05-06,0.08980,0.99651,0.00153,-0.07702,0.00802,0.10884
SPY240514C00500000,SPY,2024-05-14,500.00,call,16.22,17.19,17.09,403,17.28,100,723,173,2024-05-06,0.10291,0.98693,0.00427,-0.08848,0.02571,0.10797
SPY240514C00501000,SPY,2024-05-14,501.00,call,14.98,16.22,16.13,328,16.31,100,10,179,2024-05-06,0.10642,0.97855,0.00631,-0.09758,0.03929,0.10724
SPY240514C00502000,SPY,2024-05-14,502.00,call,14.49,15.26,15.17,328,15.35,100,304,435,2024-05-06,0.10885,0.96827,0.00856,-0.10790,0.05451,0.10628
SPY240514C00503000,SPY,2024-05-14,503.00,call,14.01,14.31,14.22,403,14.40,100,5,114,2024-05-06,0.11053,0.95603,0.01101,-0.11918,0.07115,0.10511
SPY240514C00504000,SPY,2024-05-14,504.00,call,11.61,13.38,13.29,100,13.46,100,6,137,2024-05-06,0.11236,0.94056,0.01376,-0.13251,0.09044,0.10356
SPY240514C00505000,SPY,2024-05-14,505.00,call,12.39,12.45,12.36,100,12.53,100,6,260,2024-05-06,0.11236,0.92511,0.01646,-0.14390,0.10814,0.10201
SPY240514C00506000,SPY,2024-05-14,506.00,call,10.88,11.52,11.45,296,11.60,100,2,110,2024-05-06,0.11099,0.90947,0.01921,-0.15344,0.12473,0.10045
SPY240514C00507000,SPY,2024-05-14,507.00,call,9.79,10.62,10.55,278,10.70,100,20,607,2024-05-06,0.11068,0.88889,0.02237,-0.16570,0.14484,0.09831
SPY240514C00508000,SPY,2024-05-14,508.00,call,9.16,9.74,9.67,327,9.81,100,233,132,2024-05-06,0.11023,0.86540,0.02570,-0.17801,0.16570,0.09585
SPY240514C00509000,SPY,2024-05-14,509.00,call,8.97,8.88,8.82,146,8.95,100,179,226,2024-05-06,0.10946,0.83919,0.02916,-0.18973,0.18669,0.09307
SPY240514C00510000,SPY,2024-05-14,510.00,call,8.12,8.05,7.99,100,8.11,200,179,812,2024-05-06,0.10901,0.80884,0.03267,-0.20176,0.20831,0.08981
SPY240514C00511000,SPY,2024-05-14,511.00,call,7.16,7.25,7.19,108,7.30,100,209,214,2024-05-06,0.10840,0.77529,0.03615,-0.21270,0.22920,0.08619
SPY240514C00512000,SPY,2024-05-14,512.00,call,6.42,6.47,6.43,100,6.52,100,75,118,2024-05-06,0.10718,0.73943,0.03962,-0.22119,0.24834,0.08230
SPY240514C00513000,SPY,2024-05-14,513.00,call,5.83,5.73,5.70,100,5.77,100,297,103,2024-05-06,0.10611,0.69975,0.04286,-0.22836,0.26600,0.07797
SPY240514C00514000,SPY,2024-05-14,514.00,call,5.00,5.04,5.01,101,5.06,101,1370,208,2024-05-06,0.10550,0.65613,0.04561,-0.23432,0.28142,0.07318
SPY240514C00515000,SPY,2024-05-14,515.00,call,4.34,4.38,4.36,101,4.40,66,2027,228,2024-05-06,0.10428,0.61047,0.04809,-0.23659,0.29332,0.06816
SPY240514C00516000,SPY,2024-05-14,516.00,call,3.81,3.77,3.75,240,3.79,147,813,438,2024-05-06,0.10337,0.56204,0.04985,-0.23656,0.30140,0.06281
SPY240514C00517000,SPY,2024-05-14,517.00,call,3.33,3.21,3.19,240,3.23,134,415,150,2024-05-06,0.10230,0.51187,0.05097,-0.23313,0.30496,0.05725
SPY240514C00518000,SPY,2024-05-14,518.00,call,2.67,2.70,2.68,240,2.72,267,8842,677,2024-05-06,0.10138,0.46063,0.05120,-0.22674,0.30361,0.05156
SPY240514C00519000,SPY,2024-05-14,519.00,call,2.19,2.25,2.23,117,2.26,309,263,283,2024-05-06,0.10062,0.40937,0.05050,-0.21745,0.29719,0.04586
SPY240514C00520000,SPY,2024-05-14,520.00,call,1.90,1.83,1.82,246,1.85,188,2123,317,2024-05-06,0.09925,0.35810,0.04920,-0.20390,0.28559,0.04014
SPY240514C00521000,SPY,2024-05-14,521.00,call,1.50,1.48,1.47,200,1.50,321,116,540,2024-05-06,0.09834,0.30888,0.04684,-0.18864,0.26938,0.03465
SPY240514C00522000,SPY,2024-05-14,522.00,call,1.23,1.18,1.17,134,1.19,200,74,261,2024-05-06,0.09757,0.26246,0.04368,-0.17164,0.24927,0.02946
SPY240514C00523000,SPY,2024-05-14,523.00,call,0.96,0.92,0.91,308,0.93,134,8662,74,2024-05-06,0.09666,0.21897,0.03995,-0.15281,0.22583,0.02459
SPY240514C00524000,SPY,2024-05-14,524.00,call,0.73,0.71,0.70,289,0.72,200,140,77,2024-05-06,0.09590,0.17970,0.03574,-0.13360,0.20046,0.02019
SPY240514C00525000,SPY,2024-05-14,525.00,call,0.56,0.54,0.53,324,0.55,276,271,152,2024-05-06,0.09529,0.14512,0.03129,-0.11473,0.17440,0.01631
SPY240514C00526000,SPY,2024-05-14,526.00,call,0.41,0.40,0.39,512,0.41,204,64,269,2024-05-06,0.09437,0.11426,0.02677,-0.09571,0.14776,0.01285
SPY240514C00527000,SPY,2024-05-14,527.00,call,0.30,0.29,0.29,347,0.30,200,805,72,2024-05-06,0.09361,0.08832,0.02237,-0.07827,0.12246,0.00994
SPY240514C00528000,SPY,2024-05-14,528.00,call,0.23,0.21,0.21,848,0.22,200,170,32,2024-05-06,0.09315,0.06741,0.01831,-0.06313,0.09975,0.00759
SPY240514C00529000,SPY,2024-05-14,529.00,call,0.14,0.16,0.15,2550,0.17,423,28,6,2024-05-06,0.09407,0.05299,0.01501,-0.05254,0.08260,0.00596
SPY240514C00530000,SPY,2024-05-14,530.00,call,0.12,0.11,0.11,2651,0.12,218,109,663,2024-05-06,0.09331,0.03865,0.01174,-0.04027,0.06409,0.00435
SPY240515C00460000,SPY,2024-05-15,460.00,call,0.00,57.03,56.87,75,57.19,75,0,0,2024-05-06,0.17576,1.00000,0.00000,-0.06708,0.00000,0.11328
SPY240515C00470000,SPY,2024-05-15,470.00,call,42.02,47.05,46.89,75,47.21,75,0,3,2024-05-06,0.14469,1.00000,0.00000,-0.06854,0.00000,0.11574
SPY240515C00480000,SPY,2024-05-15,480.00,call,35.17,37.10,37.00,75,37.20,50,2,37,2024-05-06,0.11362,1.00000,0.00000,-0.07000,0.00000,0.11820
SPY240515C00481000,SPY,2024-05-15,481.00,call,34.10,36.11,36.01,50,36.21,50,1,1,2024-05-06,0.11052,1.00000,0.00000,-0.07015,0.00000,0.11845
SPY240515C00482000,SPY,2024-05-15,482.00,call,0.00,35.11,35.01,75,35.21,50,0,0,2024-05-06,0.10741,1.00000,0.00000,-0.07029,0.00000,0.11869
SPY240515C00483000,SPY,2024-05-15,483.00,call,20.71,34.12,34.02,50,34.22,50,0,1,2024-05-06,0.10430,1.00000,0.00000,-0.07044,0.00000,0.11894
SPY240515C00484000,SPY,2024-05-15,484.00,call,0.00,33.13,33.03,50,33.23,50,0,0,2024-05-06,0.10120,1.00000,0.00000,-0.07058,0.00000,0.11919
SPY240515C00485000,SPY,2024-05-15,485.00,call,0.00,32.13,32.03,75,32.23,50,0,0,2024-05-06,0.09809,1.00000,0.00000,-0.07073,0.00000,0.11943
SPY240515C00486000,SPY,2024-05-15,486.00,call,0.00,31.14,31.04,75,31.24,50,0,0,2024-05-06,0.09498,1.00000,0.00000,-0.07088,0.00000,0.11968
SPY240515C00487000,SPY,2024-05-15,487.00,call,18.95,30.15,30.05,50,30.25,50,0,2,2024-05-06,0.09187,1.00000,0.00000,-0.07102,0.00000,0.11992
SPY240515C00488000,SPY,2024-05-15,488.00,call,24.94,29.16,29.06,50,29.26,50,0,1,2024-05-06,0.08877,1.00000,0.00000,-0.07117,0.00000,0.12017
SPY240515C00489000,SPY,2024-05-15,489.00,call,22.50,28.17,28.07,50,28.27,50,0,27,2024-05-06,0.08566,1.00000,0.00000,-0.07131,0.00000,0.12042
SPY240515C00490000,SPY,2024-05-15,490.00,call,25.98,27.19,27.09,50,27.28,50,11,10,2024-05-06,0.08255,1.00000,0.00000,-0.07146,0.00000,0.12066
SPY240515C00491000,SPY,2024-05-15,491.00,call,14.06,26.20,26.10,100,26.30,100,0,1,2024-05-06,0.07945,1.00000,0.00000,-0.07161,0.00000,0.12091
SPY240515C00492000,SPY,2024-05-15,492.00,call,19.73,25.21,25.12,100,25.31,100,0,6,2024-05-06,0.07634,1.00000,0.00000,-0.07175,0.00000,0.12116
SPY240515C00493000,SPY,2024-05-15,493.00,call,0.00,24.23,24.13,328,24.33,100,0,0,2024-05-06,0.11648,0.99579,0.00131,-0.07809,0.01007,0.12086
SPY240515C00494000,SPY,2024-05-15,494.00,call,22.07,23.26,23.16,100,23.35,100,11,0,2024-05-06,0.12913,0.98864,0.00284,-0.08851,0.02415,0.12019
SPY240515C00495000,SPY,2024-05-15,495.00,call,21.21,22.27,22.18,278,22.37,100,57,58,2024-05-06,0.12745,0.98634,0.00338,-0.09122,0.02834,0.12014
SPY240515C00496000,SPY,2024-05-15,496.00,call,0.00,21.30,21.21,100,21.40,100,0,0,2024-05-06,0.13080,0.97994,0.00457,-0.09942,0.03937,0.11957
SPY240515C00497000,SPY,2024-05-15,497.00,call,0.00,20.33,20.24,100,20.42,100,0,0,2024-05-06,0.13187,0.97374,0.00569,-0.10667,0.04940,0.11902
SPY240515C00498000,SPY,2024-05-15,498.00,call,17.38,19.37,19.28,100,19.46,100,1,29,2024-05-06,0.13309,0.96601,0.00699,-0.11528,0.06119,0.11827
SPY240515C00499000,SPY,2024-05-15,499.00,call,16.86,18.41,18.32,273,18.50,100,2,81,2024-05-06,0.13294,0.95828,0.00827,-0.12301,0.07232,0.11752
SPY240515C00500000,SPY,2024-05-15,500.00,call,16.23,17.46,17.37,256,17.55,100,28,236,2024-05-06,0.13309,0.94880,0.00974,-0.13206,0.08525,0.11655
SPY240515C00501000,SPY,2024-05-15,501.00,call,14.40,16.52,16.43,100,16.60,100,2,206,2024-05-06,0.13309,0.93794,0.01133,-0.14169,0.09921,0.11540
SPY240515C00502000,SPY,2024-05-15,502.00,call,13.84,15.59,15.50,100,15.67,100,1,536,2024-05-06,0.13279,0.92585,0.01303,-0.15153,0.11382,0.11409
SPY240515C00503000,SPY,2024-05-15,503.00,call,13.18,14.66,14.58,100,14.74,100,4,268,2024-05-06,0.13157,0.91348,0.01478,-0.16026,0.12791,0.11274
SPY240515C00504000,SPY,2024-05-15,504.00,call,12.11,13.75,13.67,100,13.83,100,3,191,2024-05-06,0.13096,0.89834,0.01672,-0.17058,0.14408,0.11103
SPY240515C00505000,SPY,2024-05-15,505.00,call,11.84,12.84,12.77,207,12.92,100,34,119,2024-05-06,0.12943,0.88285,0.01873,-0.17943,0.15953,0.10929
SPY240515C00506000,SPY,2024-05-15,506.00,call,10.84,11.96,11.89,169,12.04,100,5,223,2024-05-06,0.12867,0.86398,0.02091,-0.18997,0.17703,0.10710
SPY240515C00507000,SPY,2024-05-15,507.00,call,9.54,11.10,11.03,165,11.17,102,5,297,2024-05-06,0.12806,0.84263,0.02317,-0.20084,0.19523,0.10459
SPY240515C00508000,SPY,2024-05-15,508.00,call,10.21,10.25,10.19,116,10.32,100,20,188,2024-05-06,0.12684,0.82013,0.02549,-0.21029,0.21275,0.10194
SPY240515C00509000,SPY,2024-05-15,509.00,call,8.85,9.44,9.38,100,9.49,100,40,166,2024-05-06,0.12638,0.79390,0.02780,-0.22084,0.23120,0.09879
SPY240515C00510000,SPY,2024-05-15,510.00,call,8.05,8.63,8.58,100,8.69,100,194,451,2024-05-06,0.12486,0.76721,0.03018,-0.22862,0.24797,0.09559
SPY240515C00511000,SPY,2024-05-15,511.00,call,7.55,7.87,7.82,100,7.91,100,46,291,2024-05-06,0.12425,0.73656,0.03240,-0.23726,0.26489,0.09188
SPY240515C00512000,SPY,2024-05-15,512.00,call,7.06,7.13,7.09,100,7.17,100,89,595,2024-05-06,0.12334,0.70415,0.03453,-0.24410,0.28025,0.08793
SPY240515C00513000,SPY,2024-05-15,513.00,call,6.07,6.42,6.38,101,6.45,253,658,591,2024-05-06,0.12227,0.66976,0.03653,-0.24918,0.29384,0.08373
SPY240515C00514000,SPY,2024-05-15,514.00,call,5.72,5.74,5.72,101,5.77,240,256,408,2024-05-06,0.12105,0.63346,0.03833,-0.25227,0.30532,0.07927
SPY240515C00515000,SPY,2024-05-15,515.00,call,5.17,5.11,5.09,200,5.12,81,737,266,2024-05-06,0.12029,0.59490,0.03972,-0.25423,0.31440,0.07451
SPY240515C00516000,SPY,2024-05-15,516.00,call,4.48,4.50,4.49,200,4.52,85,155,104,2024-05-06,0.11892,0.55521,0.04096,-0.25296,0.32050,0.06961
SPY240515C00517000,SPY,2024-05-15,517.00,call,3.93,3.94,3.93,200,3.95,1,259,274,2024-05-06,0.11785,0.51408,0.04171,-0.24994,0.32340,0.06451
SPY240515C00518000,SPY,2024-05-15,518.00,call,3.40,3.44,3.42,51,3.45,257,357,444,2024-05-06,0.11739,0.47231,0.04180,-0.24566,0.32282,0.05931
SPY240515C00520000,SPY,2024-05-15,520.00,call,2.59,2.52,2.51,273,2.54,112,572,333,2024-05-06,0.11510,0.38805,0.04103,-0.22764,0.31078,0.04881
SPY240515C00530000,SPY,2024-05-15,530.00,call,0.31,0.29,0.29,847,0.30,71,596,263,2024-05-06,0.10718,0.07514,0.01631,-0.07409,0.11499,0.00950
SPY240515C00540000,SPY,2024-05-15,540.00,call,0.05,0.04,0.04,309,0.05,2947,89,188,2024-05-06,0.12074,0.01189,0.00316,-0.01775,0.02513,0.00150
SPY240515C00550000,SPY,2024-05-15,550.00,call,0.02,0.01,0.01,3074,0.02,26,34,31,2024-05-06,0.14117,0.00290,0.00078,-0.00587,0.00721,0.00037
SPY240515C00560000,SPY,2024-05-15,560.00,call,0.02,0.01,0.01,228,0.02,3846,153,1103,2024-05-06,0.17806,0.00236,0.00051,-0.00608,0.00596,0.00030
SPY240516C00450000,SPY,2024-05-16,450.00,call,59.75,67.22,67.06,75,67.39,75,0,30,2024-05-06,0.18803,1.00000,0.00000,-0.06562,0.00000,0.12311
SPY240516C00460000,SPY,2024-05-16,460.00,call,0.00,57.26,57.09,75,57.42,75,0,0,2024-05-06,0.25809,0.99720,0.00039,-0.07634,0.00735,0.12544
SPY240516C00470000,SPY,2024-05-16,470.00,call,39.85,47.29,47.13,75,47.45,75,0,30,2024-05-06,0.22913,0.99459,0.00079,-0.08331,0.01326,0.12780
SPY240516C00480000,SPY,2024-05-16,480.00,call,32.65,37.35,37.25,50,37.45,50,0,6,2024-05-06,0.20458,0.98707,0.00190,-0.09814,0.02849,0.12946
SPY240516C00485000,SPY,2024-05-16,485.00,call,26.98,32.38,32.22,75,32.54,75,0,5,2024-05-06,0.18644,0.98241,0.00272,-0.10398,0.03712,0.13016
SPY240516C00486000,SPY,2024-05-16,486.00,call,0.00,31.39,31.23,75,31.55,75,0,0,2024-05-06,0.18355,0.98083,0.00298,-0.10606,0.03994,0.13021
SPY240516C00487000,SPY,2024-05-16,487.00,call,0.00,30.40,30.24,75,30.56,75,0,0,2024-05-06,0.18035,0.97925,0.00324,-0.10794,0.04271,0.13026
SPY240516C00488000,SPY,2024-05-16,488.00,call,0.00,29.41,29.25,75,29.57,75,0,0,2024-05-06,0.17715,0.97751,0.00353,-0.10993,0.04572,0.13029
SPY240516C00489000,SPY,2024-05-16,489.00,call,0.00,28.44,28.34,50,28.54,50,0,0,2024-05-06,0.17760,0.97321,0.00408,-0.11628,0.05296,0.12994
SPY240516C00490000,SPY,2024-05-16,490.00,call,26.75,27.45,27.35,50,27.55,50,1,4,2024-05-06,0.17364,0.97144,0.00440,-0.11775,0.05584,0.12996
SPY240516C00491000,SPY,2024-05-16,491.00,call,0.00,26.47,26.37,100,26.57,100,0,0,2024-05-06,0.17135,0.96824,0.00487,-0.12142,0.06098,0.12978
SPY240516C00492000,SPY,2024-05-16,492.00,call,0.00,25.49,25.39,328,25.59,100,0,0,2024-05-06,0.16876,0.96492,0.00537,-0.12492,0.06620,0.12958
SPY240516C00493000,SPY,2024-05-16,493.00,call,0.00,24.51,24.41,328,24.61,100,0,0,2024-05-06,0.16571,0.96160,0.00588,-0.12801,0.07127,0.12938
SPY240516C00494000,SPY,2024-05-16,494.00,call,0.00,23.54,23.44,100,23.63,100,0,0,2024-05-06,0.16373,0.95691,0.00654,-0.13281,0.07826,0.12898
SPY240516C00495000,SPY,2024-05-16,495.00,call,17.30,22.56,22.47,100,22.66,100,0,4,2024-05-06,0.16022,0.95319,0.00714,-0.13562,0.08365,0.12872
SPY240516C00496000,SPY,2024-05-16,496.00,call,0.00,21.59,21.50,328,21.69,100,0,0,2024-05-06,0.15748,0.94823,0.00787,-0.13976,0.09066,0.12828
SPY240516C00497000,SPY,2024-05-16,497.00,call,0.00,20.63,20.54,100,20.72,100,0,0,2024-05-06,0.15550,0.94181,0.00875,-0.14535,0.09944,0.12764
SPY240516C00498000,SPY,2024-05-16,498.00,call,15.77,19.67,19.58,328,19.76,100,0,2,2024-05-06,0.15306,0.93516,0.00967,-0.15048,0.10820,0.12696
SPY240516C00499000,SPY,2024-05-16,499.00,call,17.06,18.72,18.63,328,18.81,100,1,1,2024-05-06,0.15093,0.92733,0.01071,-0.15638,0.11816,0.12611
SPY240516C00500000,SPY,2024-05-16,500.00,call,16.68,17.78,17.69,328,17.87,100,16,12,2024-05-06,0.14910,0.91813,0.01187,-0.16309,0.12935,0.12507
SPY240516C00501000,SPY,2024-05-16,501.00,call,12.94,16.84,16.76,100,16.93,100,0,155,2024-05-06,0.14681,0.90852,0.01309,-0.16924,0.14054,0.12397
SPY240516C00502000,SPY,2024-05-16,502.00,call,14.00,15.91,15.83,328,16.00,100,4,133,2024-05-06,0.14452,0.89778,0.01443,-0.17558,0.15248,0.12270
SPY240516C00503000,SPY,2024-05-16,503.00,call,14.30,15.00,14.92,100,15.08,100,1,24,2024-05-06,0.14300,0.88458,0.01592,-0.18351,0.16639,0.12108
SPY240516C00504000,SPY,2024-05-16,504.00,call,12.92,14.10,14.02,100,14.18,100,2,36,2024-05-06,0.14132,0.87018,0.01749,-0.19127,0.18070,0.11929
SPY240516C00505000,SPY,2024-05-16,505.00,call,12.34,13.21,13.13,100,13.28,100,2,34,2024-05-06,0.13949,0.85449,0.01916,-0.19878,0.19535,0.11731
SPY240516C00506000,SPY,2024-05-16,506.00,call,8.91,12.33,12.26,100,12.40,100,0,63,2024-05-06,0.13751,0.83740,0.02091,-0.20592,0.21024,0.11514
SPY240516C00507000,SPY,2024-05-16,507.00,call,10.74,11.47,11.41,100,11.54,100,22,176,2024-05-06,0.13584,0.81803,0.02275,-0.21345,0.22589,0.11263
SPY240516C00508000,SPY,2024-05-16,508.00,call,7.26,10.63,10.57,146,10.70,100,0,22,2024-05-06,0.13401,0.79706,0.02465,-0.22037,0.24148,0.10989
SPY240516C00509000,SPY,2024-05-16,509.00,call,9.01,9.82,9.76,100,9.88,285,18,123,2024-05-06,0.13279,0.77310,0.02654,-0.22795,0.25765,0.10672
SPY240516C00510000,SPY,2024-05-16,510.00,call,8.40,9.03,8.98,100,9.08,100,11,142,2024-05-06,0.13141,0.74744,0.02843,-0.23456,0.27317,0.10331
SPY240516C00511000,SPY,2024-05-16,511.00,call,7.57,8.26,8.21,100,8.31,100,39,156,2024-05-06,0.12974,0.72025,0.03033,-0.23975,0.28770,0.09967
SPY240516C00512000,SPY,2024-05-16,512.00,call,6.72,7.53,7.48,100,7.57,100,114,76,2024-05-06,0.12867,0.69021,0.03206,-0.24498,0.30156,0.09562
SPY240516C00513000,SPY,2024-05-16,513.00,call,6.60,6.81,6.78,154,6.85,237,96,45,2024-05-06,0.12684,0.65923,0.03381,-0.24760,0.31356,0.09143
SPY240516C00514000,SPY,2024-05-16,514.00,call,6.19,6.13,6.11,142,6.16,51,565,235,2024-05-06,0.12547,0.62584,0.03532,-0.24957,0.32399,0.08689
SPY240516C00515000,SPY,2024-05-16,515.00,call,5.48,5.50,5.48,212,5.52,90,344,65,2024-05-06,0.12456,0.59048,0.03649,-0.25069,0.33230,0.08206
SPY240516C00516000,SPY,2024-05-16,516.00,call,4.84,4.90,4.88,200,4.92,204,1118,14,2024-05-06,0.12349,0.55396,0.03744,-0.24976,0.33798,0.07706
SPY240516C00517000,SPY,2024-05-16,517.00,call,4.30,4.33,4.32,109,4.35,87,354,18,2024-05-06,0.12212,0.51643,0.03818,-0.24642,0.34082,0.07190
SPY240516C00518000,SPY,2024-05-16,518.00,call,3.92,3.81,3.79,200,3.83,308,5517,81,2024-05-06,0.12120,0.47808,0.03844,-0.24191,0.34059,0.06662
SPY240516C00519000,SPY,2024-05-16,519.00,call,3.09,3.33,3.31,65,3.34,176,391,34,2024-05-06,0.12044,0.43952,0.03829,-0.23572,0.33718,0.06129
SPY240516C00520000,SPY,2024-05-16,520.00,call,2.88,2.88,2.86,200,2.89,109,431,356,2024-05-06,0.11922,0.40071,0.03792,-0.22681,0.33049,0.05592
SPY240516C00521000,SPY,2024-05-16,521.00,call,2.50,2.48,2.46,117,2.49,425,251,44,2024-05-06,0.11846,0.36271,0.03703,-0.21695,0.32070,0.05065
SPY240516C00522000,SPY,2024-05-16,522.00,call,1.81,2.10,2.09,246,2.12,302,77,5,2024-05-06,0.11693,0.32450,0.03598,-0.20398,0.30755,0.04535
SPY240516C00523000,SPY,2024-05-16,523.00,call,1.60,1.77,1.76,323,1.79,325,5199,7,2024-05-06,0.11602,0.28824,0.03441,-0.19078,0.29184,0.04031
SPY240516C00524000,SPY,2024-05-16,524.00,call,1.54,1.48,1.47,247,1.50,570,142,77,2024-05-06,0.11510,0.25354,0.03253,-0.17645,0.27373,0.03548
SPY240516C00525000,SPY,2024-05-16,525.00,call,1.29,1.23,1.22,134,1.24,397,360,118,2024-05-06,0.11434,0.22104,0.03037,-0.16163,0.25386,0.03095
SPY240516C00530000,SPY,2024-05-16,530.00,call,0.43,0.42,0.41,289,0.43,1195,495,142,2024-05-06,0.11084,0.09505,0.01784,-0.08723,0.14458,0.01334
SPY240516C00540000,SPY,2024-05-16,540.00,call,0.06,0.06,0.05,377,0.06,451,35,7,2024-05-06,0.12074,0.01632,0.00394,-0.02224,0.03481,0.00229
SPY240516C00550000,SPY,2024-05-16,550.00,call,0.02,0.03,0.02,360,0.03,1274,1,76,2024-05-06,0.15032,0.00716,0.00155,-0.01331,0.01699,0.00100
SPY240517C00240000,SPY,2024-05-17,240.00,call,261.33,276.78,276.61,1,276.96,75,0,602,2024-05-06,0.71609,1.00000,0.00000,-0.03499,0.00000,0.07221
SPY240517C00245000,SPY,2024-05-17,245.00,call,258.40,271.80,271.62,75,271.97,75,0,21,2024-05-06,0.70315,1.00000,0.00000,-0.03572,0.00000,0.07372
SPY240517C00250000,SPY,2024-05-17,250.00,call,248.98,266.81,266.63,75,266.98,75,0,18,2024-05-06,0.69020,1.00000,0.00000,-0.03645,0.00000,0.07522
SPY240517C00255000,SPY,2024-05-17,255.00,call,243.81,261.81,261.64,75,261.99,75,0,56,2024-05-06,0.67726,1.00000,0.00000,-0.03718,0.00000,0.07673
SPY240517C00260000,SPY,2024-05-17,260.00,call,254.91,256.82,256.65,75,257.00,75,2,152,2024-05-06,0.66431,1.00000,0.00000,-0.03791,0.00000,0.07823
SPY240517C00265000,SPY,2024-05-17,265.00,call,243.19,251.83,251.66,75,252.01,75,0,92,2024-05-06,0.65136,1.00000,0.00000,-0.03864,0.00000,0.07973
SPY240517C00270000,SPY,2024-05-17,270.00,call,238.04,246.84,246.67,75,247.02,75,0,2,2024-05-06,0.63842,1.00000,0.00000,-0.03936,0.00000,0.08124
SPY240517C00275000,SPY,2024-05-17,275.00,call,236.10,241.86,241.69,1,242.03,75,0,14,2024-05-06,0.62547,1.00000,0.00000,-0.04009,0.00000,0.08274
SPY240517C00280000,SPY,2024-05-17,280.00,call,227.99,236.87,236.70,75,237.04,75,0,14,2024-05-06,0.61253,1.00000,0.00000,-0.04082,0.00000,0.08425
SPY240517C00285000,SPY,2024-05-17,285.00,call,220.58,231.88,231.71,75,232.05,75,0,129,2024-05-06,0.59958,1.00000,0.00000,-0.04155,0.00000,0.08575
SPY240517C00290000,SPY,2024-05-17,290.00,call,211.47,226.89,226.72,75,227.07,75,0,12,2024-05-06,0.58663,1.00000,0.00000,-0.04228,0.00000,0.08726
SPY240517C00295000,SPY,2024-05-17,295.00,call,228.70,221.91,221.73,75,222.08,75,0,2,2024-05-06,0.57369,1.00000,0.00000,-0.04301,0.00000,0.08876
SPY240517C00300000,SPY,2024-05-17,300.00,call,212.20,216.92,216.74,75,217.09,75,0,100,2024-05-06,0.56074,1.00000,0.00000,-0.04374,0.00000,0.09027
SPY240517C00305000,SPY,2024-05-17,305.00,call,205.81,211.93,211.75,75,212.10,75,0,10,2024-05-06,0.54780,1.00000,0.00000,-0.04447,0.00000,0.09177
SPY240517C00310000,SPY,2024-05-17,310.00,call,202.13,206.94,206.77,75,207.11,75,0,3,2024-05-06,0.53485,1.00000,0.00000,-0.04520,0.00000,0.09327
SPY240517C00315000,SPY,2024-05-17,315.00,call,184.33,201.95,201.78,75,202.12,75,0,2,2024-05-06,0.52190,1.00000,0.00000,-0.04592,0.00000,0.09478
SPY240517C00320000,SPY,2024-05-17,320.00,call,190.58,196.96,196.79,75,197.13,75,0,25,2024-05-06,0.50896,1.00000,0.00000,-0.04665,0.00000,0.09628
SPY240517C00325000,SPY,2024-05-17,325.00,call,192.98,191.97,191.80,75,192.14,75,0,1,2024-05-06,0.49601,1.00000,0.00000,-0.04738,0.00000,0.09779
SPY240517C00330000,SPY,2024-05-17,330.00,call,180.36,186.99,186.82,75,187.15,75,0,7,2024-05-06,0.48307,1.00000,0.00000,-0.04811,0.00000,0.09929
SPY240517C00335000,SPY,2024-05-17,335.00,call,174.70,182.00,181.83,75,182.16,75,0,28,2024-05-06,0.47012,1.00000,0.00000,-0.04884,0.00000,0.10080
SPY240517C00340000,SPY,2024-05-17,340.00,call,169.56,177.00,176.84,75,177.17,75,0,3,2024-05-06,0.45717,1.00000,0.00000,-0.04957,0.00000,0.10230
SPY240517C00345000,SPY,2024-05-17,345.00,call,152.01,172.02,171.85,75,172.19,75,0,12,2024-05-06,0.44423,1.00000,0.00000,-0.05030,0.00000,0.10381
SPY240517C00350000,SPY,2024-05-17,350.00,call,162.52,167.03,166.86,75,167.20,75,0,32,2024-05-06,0.43128,1.00000,0.00000,-0.05103,0.00000,0.10531
SPY240517C00355000,SPY,2024-05-17,355.00,call,132.66,162.05,161.88,75,162.21,75,0,2,2024-05-06,0.41834,1.00000,0.00000,-0.05176,0.00000,0.10681
SPY240517C00360000,SPY,2024-05-17,360.00,call,137.11,157.06,156.89,75,157.22,75,0,36,2024-05-06,0.40539,1.00000,0.00000,-0.05249,0.00000,0.10832
SPY240517C00365000,SPY,2024-05-17,365.00,call,138.10,152.06,151.90,75,152.23,75,0,7,2024-05-06,0.39244,1.00000,0.00000,-0.05321,0.00000,0.10982
SPY240517C00370000,SPY,2024-05-17,370.00,call,140.59,147.07,146.91,75,147.24,75,0,5,2024-05-06,0.37950,1.00000,0.00000,-0.05394,0.00000,0.11133
SPY240517C00375000,SPY,2024-05-17,375.00,call,128.94,142.09,141.93,75,142.25,75,0,51,2024-05-06,0.36655,1.00000,0.00000,-0.05467,0.00000,0.11283
SPY240517C00380000,SPY,2024-05-17,380.00,call,126.62,137.11,136.94,75,137.27,75,0,75,2024-05-06,0.35361,1.00000,0.00000,-0.05540,0.00000,0.11434
SPY240517C00385000,SPY,2024-05-17,385.00,call,132.09,132.12,131.95,75,132.28,75,5,11,2024-05-06,0.34066,1.00000,0.00000,-0.05613,0.00000,0.11584
SPY240517C00390000,SPY,2024-05-17,390.00,call,118.57,127.12,126.96,75,127.29,75,0,11,2024-05-06,0.32771,1.00000,0.00000,-0.05686,0.00000,0.11735
SPY240517C00395000,SPY,2024-05-17,395.00,call,103.40,122.15,121.98,75,122.31,75,0,24,2024-05-06,0.31477,1.00000,0.00000,-0.05759,0.00000,0.11885
SPY240517C00400000,SPY,2024-05-17,400.00,call,114.82,117.16,116.99,75,117.32,75,1,218,2024-05-06,0.30182,1.00000,0.00000,-0.05832,0.00000,0.12035
SPY240517C00405000,SPY,2024-05-17,405.00,call,109.82,112.16,112.00,75,112.33,75,1,121,2024-05-06,0.28888,1.00000,0.00000,-0.05905,0.00000,0.12186
SPY240517C00410000,SPY,2024-05-17,410.00,call,106.47,107.18,107.02,75,107.34,75,4,51,2024-05-06,0.27593,1.00000,0.00000,-0.05978,0.00000,0.12336
SPY240517C00415000,SPY,2024-05-17,415.00,call,101.00,102.19,102.03,75,102.36,75,1,16,2024-05-06,0.26298,1.00000,0.00000,-0.06050,0.00000,0.12487
SPY240517C00420000,SPY,2024-05-17,420.00,call,91.94,97.21,97.04,75,97.37,75,0,1593,2024-05-06,0.25004,1.00000,0.00000,-0.06123,0.00000,0.12637
SPY240517C00425000,SPY,2024-05-17,425.00,call,91.41,92.22,92.06,75,92.38,75,1,82,2024-05-06,0.23709,1.00000,0.00000,-0.06196,0.00000,0.12788
SPY240517C00430000,SPY,2024-05-17,430.00,call,86.02,87.23,87.07,75,87.40,75,2,2990,2024-05-06,0.22415,1.00000,0.00000,-0.06269,0.00000,0.12938
SPY240517C00435000,SPY,2024-05-17,435.00,call,81.24,82.25,82.09,75,82.41,75,1,465,2024-05-06,0.21120,1.00000,0.00000,-0.06342,0.00000,0.13089
SPY240517C00440000,SPY,2024-05-17,440.00,call,76.76,77.27,77.10,75,77.43,75,7,2341,2024-05-06,0.19825,1.00000,0.00000,-0.06415,0.00000,0.13239
SPY240517C00445000,SPY,2024-05-17,445.00,call,72.52,72.28,72.12,75,72.44,75,2,302,2024-05-06,0.18531,1.00000,0.00000,-0.06488,0.00000,0.13389
SPY240517C00448000,SPY,2024-05-17,448.00,call,55.78,69.29,69.13,75,69.45,75,0,26,2024-05-06,0.23400,0.99982,0.00003,-0.06596,0.00062,0.13477
SPY240517C00449000,SPY,2024-05-17,449.00,call,66.75,68.29,68.13,75,68.46,75,0,10,2024-05-06,0.17495,1.00000,0.00000,-0.06546,0.00000,0.13510
SPY240517C00450000,SPY,2024-05-17,450.00,call,67.29,67.30,67.14,75,67.46,75,17,484,2024-05-06,0.26571,0.99885,0.00016,-0.06966,0.00343,0.13522
SPY240517C00451000,SPY,2024-05-17,451.00,call,50.49,66.30,66.14,75,66.46,75,0,15,2024-05-06,0.25672,0.99905,0.00014,-0.06905,0.00289,0.13555
SPY240517C00452000,SPY,2024-05-17,452.00,call,52.52,65.30,65.14,75,65.46,75,0,16,2024-05-06,0.24681,0.99925,0.00012,-0.06844,0.00231,0.13588
SPY240517C00453000,SPY,2024-05-17,453.00,call,63.06,64.31,64.15,75,64.47,75,1,899,2024-05-06,0.26586,0.99815,0.00025,-0.07230,0.00529,0.13601
SPY240517C00454000,SPY,2024-05-17,454.00,call,61.36,63.31,63.15,75,63.47,75,1,870,2024-05-06,0.25870,0.99832,0.00023,-0.07176,0.00485,0.13634
SPY240517C00455000,SPY,2024-05-17,455.00,call,56.79,62.31,62.15,75,62.47,75,0,477,2024-05-06,0.25123,0.99850,0.00022,-0.07121,0.00436,0.13667
SPY240517C00456000,SPY,2024-05-17,456.00,call,59.21,61.32,61.16,75,61.48,75,3,108,2024-05-06,0.26205,0.99744,0.00034,-0.07475,0.00711,0.13680
SPY240517C00457000,SPY,2024-05-17,457.00,call,46.56,60.32,60.16,75,60.48,75,0,55,2024-05-06,0.25565,0.99759,0.00033,-0.07426,0.00673,0.13713
SPY240517C00458000,SPY,2024-05-17,458.00,call,53.21,59.32,59.16,75,59.48,75,0,88,2024-05-06,0.24909,0.99776,0.00032,-0.07375,0.00631,0.13745
SPY240517C00459000,SPY,2024-05-17,459.00,call,44.02,58.33,58.17,75,58.49,75,0,1255,2024-05-06,0.25595,0.99671,0.00043,-0.07703,0.00891,0.13759
SPY240517C00460000,SPY,2024-05-17,460.00,call,56.40,57.33,57.17,75,57.49,75,908,1687,2024-05-06,0.25001,0.99684,0.00043,-0.07658,0.00859,0.13791
SPY240517C00461000,SPY,2024-05-17,461.00,call,46.45,56.34,56.17,75,56.50,75,0,160,2024-05-06,0.25428,0.99581,0.00054,-0.07968,0.01106,0.13805
SPY240517C00462000,SPY,2024-05-17,462.00,call,50.77,55.34,55.18,75,55.50,75,0,20,2024-05-06,0.24849,0.99594,0.00054,-0.07921,0.01077,0.13837
SPY240517C00463000,SPY,2024-05-17,463.00,call,54.03,54.34,54.18,75,54.50,75,1,101,2024-05-06,0.24284,0.99605,0.00054,-0.07880,0.01051,0.13869
SPY240517C00464000,SPY,2024-05-17,464.00,call,47.01,53.35,53.19,75,53.51,75,0,1338,2024-05-06,0.24559,0.99501,0.00066,-0.08172,0.01295,0.13882
SPY240517C00465000,SPY,2024-05-17,465.00,call,51.41,52.35,52.19,75,52.51,75,8,440,2024-05-06,0.24010,0.99510,0.00066,-0.08132,0.01274,0.13914
SPY240517C00466000,SPY,2024-05-17,466.00,call,39.75,51.35,51.19,75,51.51,75,0,1650,2024-05-06,0.23446,0.99522,0.00066,-0.08086,0.01247,0.13946
SPY240517C00467000,SPY,2024-05-17,467.00,call,31.59,50.36,50.20,75,50.52,75,0,362,2024-05-06,0.23629,0.99412,0.00079,-0.08373,0.01499,0.13959
SPY240517C00468000,SPY,2024-05-17,468.00,call,44.77,49.38,49.28,50,49.48,50,0,549,2024-05-06,0.24239,0.99193,0.00102,-0.08943,0.01980,0.13954
SPY240517C00469000,SPY,2024-05-17,469.00,call,38.36,48.38,48.28,50,48.48,50,0,551,2024-05-06,0.23705,0.99196,0.00104,-0.08903,0.01974,0.13985
SPY240517C00470000,SPY,2024-05-17,470.00,call,47.29,47.39,47.29,50,47.49,50,7,5835,2024-05-06,0.23644,0.99090,0.00116,-0.09149,0.02202,0.13998
SPY240517C00471000,SPY,2024-05-17,471.00,call,45.24,46.39,46.29,50,46.49,50,10,462,2024-05-06,0.23111,0.99091,0.00118,-0.09107,0.02198,0.14028
SPY240517C00472000,SPY,2024-05-17,472.00,call,34.44,45.40,45.30,50,45.50,50,0,332,2024-05-06,0.23019,0.98978,0.00132,-0.09352,0.02436,0.14041
SPY240517C00473000,SPY,2024-05-17,473.00,call,38.82,44.40,44.30,50,44.50,50,0,629,2024-05-06,0.22486,0.98978,0.00135,-0.09309,0.02437,0.14071
SPY240517C00474000,SPY,2024-05-17,474.00,call,29.88,43.41,43.31,50,43.51,50,0,316,2024-05-06,0.22349,0.98862,0.00149,-0.09540,0.02674,0.14083
SPY240517C00475000,SPY,2024-05-17,475.00,call,41.22,42.41,42.31,50,42.51,50,10,332,2024-05-06,0.21815,0.98860,0.00153,-0.09495,0.02680,0.14112
SPY240517C00476000,SPY,2024-05-17,476.00,call,39.31,41.42,41.32,50,41.52,50,8,564,2024-05-06,0.21647,0.98739,0.00168,-0.09720,0.02924,0.14123
SPY240517C00477000,SPY,2024-05-17,477.00,call,27.17,40.43,40.33,50,40.53,50,0,1081,2024-05-06,0.21449,0.98617,0.00184,-0.09936,0.03167,0.14134
SPY240517C00478000,SPY,2024-05-17,478.00,call,38.19,39.43,39.33,50,39.53,50,5,344,2024-05-06,0.20916,0.98608,0.00189,-0.09890,0.03184,0.14163
SPY240517C00479000,SPY,2024-05-17,479.00,call,36.53,38.44,38.34,50,38.54,50,1,1274,2024-05-06,0.20687,0.98482,0.00206,-0.10094,0.03432,0.14173
SPY240517C00480000,SPY,2024-05-17,480.00,call,36.36,37.45,37.35,50,37.55,50,12,15983,2024-05-06,0.20443,0.98349,0.00224,-0.10298,0.03687,0.14182
SPY240517C00481000,SPY,2024-05-17,481.00,call,31.88,36.46,36.36,50,36.56,50,0,339,2024-05-06,0.20169,0.98218,0.00243,-0.10485,0.03936,0.14192
SPY240517C00482000,SPY,2024-05-17,482.00,call,35.51,35.47,35.37,50,35.56,50,5,304,2024-05-06,0.19879,0.98082,0.00262,-0.10667,0.04191,0.14200
SPY240517C00483000,SPY,2024-05-17,483.00,call,34.08,34.48,34.38,50,34.57,50,1,703,2024-05-06,0.19574,0.97941,0.00283,-0.10844,0.04451,0.14208
SPY240517C00484000,SPY,2024-05-17,484.00,call,31.40,33.48,33.39,50,33.58,50,2,1166,2024-05-06,0.19041,0.97909,0.00294,-0.10799,0.04508,0.14233
SPY240517C00485000,SPY,2024-05-17,485.00,call,32.58,32.50,32.40,50,32.59,50,82,10992,2024-05-06,0.18919,0.97645,0.00328,-0.11177,0.04984,0.14222
SPY240517C00486000,SPY,2024-05-17,486.00,call,17.57,31.51,31.41,50,31.61,50,0,456,2024-05-06,0.18568,0.97491,0.00352,-0.11331,0.05257,0.14228
SPY240517C00487000,SPY,2024-05-17,487.00,call,28.63,30.52,30.42,50,30.62,50,16,894,2024-05-06,0.18218,0.97323,0.00379,-0.11492,0.05550,0.14231
SPY240517C00488000,SPY,2024-05-17,488.00,call,29.58,29.54,29.44,50,29.63,50,2,2930,2024-05-06,0.18004,0.97044,0.00416,-0.11821,0.06027,0.14218
SPY240517C00489000,SPY,2024-05-17,489.00,call,26.27,28.55,28.46,50,28.65,50,2,1557,2024-05-06,0.17623,0.96860,0.00447,-0.11966,0.06337,0.14219
SPY240517C00490000,SPY,2024-05-17,490.00,call,27.00,27.56,27.46,50,27.66,50,149,8193,2024-05-06,0.17211,0.96682,0.00479,-0.12079,0.06631,0.14221
SPY240517C00491000,SPY,2024-05-17,491.00,call,26.50,26.59,26.49,100,26.68,100,335,2015,2024-05-06,0.17090,0.96248,0.00534,-0.12570,0.07336,0.14182
SPY240517C00492000,SPY,2024-05-17,492.00,call,23.61,25.62,25.52,100,25.71,100,10,810,2024-05-06,0.16907,0.95817,0.00589,-0.13012,0.08014,0.14144
SPY240517C00493000,SPY,2024-05-17,493.00,call,23.85,24.63,24.54,328,24.73,100,3,1477,2024-05-06,0.16449,0.95599,0.00631,-0.13094,0.08349,0.14140
SPY240517C00494000,SPY,2024-05-17,494.00,call,21.49,23.66,23.57,328,23.76,100,3,1580,2024-05-06,0.16205,0.95146,0.00693,-0.13485,0.09032,0.14099
SPY240517C00495000,SPY,2024-05-17,495.00,call,21.98,22.70,22.61,100,22.79,100,504,11618,2024-05-06,0.16038,0.94560,0.00767,-0.14011,0.09890,0.14037
SPY240517C00496000,SPY,2024-05-17,496.00,call,19.45,21.74,21.65,100,21.83,100,9,6537,2024-05-06,0.15824,0.93960,0.00844,-0.14494,0.10739,0.13972
SPY240517C00497000,SPY,2024-05-17,497.00,call,20.00,20.78,20.69,100,20.87,100,18,5147,2024-05-06,0.15580,0.93330,0.00926,-0.14952,0.11601,0.13903
SPY240517C00498000,SPY,2024-05-17,498.00,call,19.19,19.82,19.74,100,19.91,100,54,5413,2024-05-06,0.15276,0.92708,0.01011,-0.15330,0.12424,0.13835
SPY240517C00499000,SPY,2024-05-17,499.00,call,17.95,18.88,18.80,100,18.97,100,45,5502,2024-05-06,0.15108,0.91831,0.01115,-0.15953,0.13544,0.13727
SPY240517C00500000,SPY,2024-05-17,500.00,call,17.95,17.95,17.86,100,18.03,100,5304,59645,2024-05-06,0.14955,0.90834,0.01227,-0.16625,0.14761,0.13600
SPY240517C00501000,SPY,2024-05-17,501.00,call,16.15,17.02,16.94,100,17.10,100,36,1453,2024-05-06,0.14742,0.89821,0.01345,-0.17210,0.15943,0.13470
SPY240517C00502000,SPY,2024-05-17,502.00,call,15.05,16.10,16.02,100,16.18,100,47,4273,2024-05-06,0.14544,0.88675,0.01472,-0.17836,0.17217,0.13320
SPY240517C00503000,SPY,2024-05-17,503.00,call,15.00,15.20,15.12,100,15.27,100,91,7275,2024-05-06,0.14391,0.87334,0.01610,-0.18554,0.18631,0.13138
SPY240517C00504000,SPY,2024-05-17,504.00,call,13.60,14.29,14.22,100,14.37,100,242,4584,2024-05-06,0.14132,0.86034,0.01753,-0.19082,0.19927,0.12963
SPY240517C00505000,SPY,2024-05-17,505.00,call,13.36,13.41,13.34,100,13.48,100,804,18126,2024-05-06,0.13965,0.84442,0.01908,-0.19771,0.21422,0.12742
SPY240517C00506000,SPY,2024-05-17,506.00,call,12.77,12.54,12.48,100,12.61,100,92,6318,2024-05-06,0.13782,0.82722,0.02069,-0.20421,0.22930,0.12500
SPY240517C00507000,SPY,2024-05-17,507.00,call,11.89,11.70,11.64,100,11.76,100,169,6405,2024-05-06,0.13645,0.80761,0.02235,-0.21130,0.24522,0.12220
SPY240517C00508000,SPY,2024-05-17,508.00,call,10.73,10.87,10.81,110,10.93,285,187,5255,2024-05-06,0.13492,0.78656,0.02405,-0.21776,0.26092,0.11917
SPY240517C00509000,SPY,2024-05-17,509.00,call,9.96,10.06,10.01,100,10.11,100,172,4513,2024-05-06,0.13324,0.76400,0.02578,-0.22346,0.27622,0.11591
SPY240517C00510000,SPY,2024-05-17,510.00,call,9.25,9.28,9.23,100,9.32,100,3475,32526,2024-05-06,0.13202,0.73892,0.02746,-0.22932,0.29150,0.11224
SPY240517C00511000,SPY,2024-05-17,511.00,call,8.64,8.52,8.48,100,8.56,100,706,6827,2024-05-06,0.13050,0.71252,0.02913,-0.23384,0.30571,0.10836
SPY240517C00512000,SPY,2024-05-17,512.00,call,7.83,7.79,7.75,100,7.83,100,1062,5765,2024-05-06,0.12928,0.68394,0.03069,-0.23792,0.31902,0.10413
SPY240517C00513000,SPY,2024-05-17,513.00,call,7.03,7.08,7.06,101,7.11,114,4277,8788,2024-05-06,0.12776,0.65402,0.03219,-0.24037,0.33075,0.09968
SPY240517C00514000,SPY,2024-05-17,514.00,call,6.52,6.42,6.39,101,6.44,101,3447,8379,2024-05-06,0.12684,0.62190,0.03342,-0.24254,0.34093,0.09488
SPY240517C00515000,SPY,2024-05-17,515.00,call,5.77,5.79,5.77,139,5.80,124,9200,33863,2024-05-06,0.12577,0.58858,0.03449,-0.24302,0.34890,0.08988
SPY240517C00516000,SPY,2024-05-17,516.00,call,5.15,5.18,5.16,240,5.20,286,4354,5406,2024-05-06,0.12440,0.55421,0.03543,-0.24148,0.35445,0.08472
SPY240517C00517000,SPY,2024-05-17,517.00,call,4.56,4.62,4.60,174,4.63,145,17829,6500,2024-05-06,0.12349,0.51868,0.03599,-0.23904,0.35737,0.07936
SPY240517C00518000,SPY,2024-05-17,518.00,call,4.08,4.08,4.07,240,4.10,104,2749,10284,2024-05-06,0.12212,0.48244,0.03639,-0.23419,0.35741,0.07388
SPY240517C00519000,SPY,2024-05-17,519.00,call,3.58,3.59,3.58,229,3.61,146,2410,9006,2024-05-06,0.12120,0.44584,0.03637,-0.22838,0.35446,0.06833
SPY240517C00520000,SPY,2024-05-17,520.00,call,3.14,3.14,3.13,200,3.15,67,11267,34271,2024-05-06,0.12029,0.40922,0.03602,-0.22093,0.34845,0.06276
SPY240517C00521000,SPY,2024-05-17,521.00,call,2.70,2.73,2.71,246,2.74,336,2184,8153,2024-05-06,0.11952,0.37306,0.03532,-0.21219,0.33949,0.05725
SPY240517C00522000,SPY,2024-05-17,522.00,call,2.32,2.35,2.34,117,2.36,296,17197,13387,2024-05-06,0.11846,0.33721,0.03438,-0.20146,0.32754,0.05179
SPY240517C00523000,SPY,2024-05-17,523.00,call,2.00,2.01,2.00,126,2.02,391,2724,11447,2024-05-06,0.11770,0.30271,0.03308,-0.19002,0.31306,0.04652
SPY240517C00524000,SPY,2024-05-17,524.00,call,1.68,1.70,1.69,200,1.71,443,2176,9508,2024-05-06,0.11663,0.26899,0.03155,-0.17694,0.29595,0.04136
SPY240517C00525000,SPY,2024-05-17,525.00,call,1.43,1.43,1.42,200,1.44,658,9691,19244,2024-05-06,0.11571,0.23705,0.02976,-0.16331,0.27690,0.03647
SPY240517C00526000,SPY,2024-05-17,526.00,call,1.23,1.19,1.18,200,1.20,597,1406,5992,2024-05-06,0.11480,0.20692,0.02775,-0.14913,0.25620,0.03185
SPY240517C00527000,SPY,2024-05-17,527.00,call,0.97,0.98,0.97,264,0.99,624,1603,11850,2024-05-06,0.11388,0.17880,0.02559,-0.13464,0.23432,0.02754
SPY240517C00528000,SPY,2024-05-17,528.00,call,0.80,0.81,0.80,151,0.81,463,789,8247,2024-05-06,0.11343,0.15386,0.02331,-0.12112,0.21265,0.02371
SPY240517C00529000,SPY,2024-05-17,529.00,call,0.65,0.66,0.65,149,0.66,504,591,11822,2024-05-06,0.11282,0.13088,0.02101,-0.10751,0.19059,0.02018
SPY240517C00530000,SPY,2024-05-17,530.00,call,0.51,0.53,0.52,281,0.53,364,5501,20456,2024-05-06,0.11206,0.10989,0.01870,-0.09404,0.16850,0.01695
SPY240517C00531000,SPY,2024-05-17,531.00,call,0.41,0.42,0.42,278,0.43,1058,272,7909,2024-05-06,0.11129,0.09123,0.01644,-0.08124,0.14710,0.01408
SPY240517C00532000,SPY,2024-05-17,532.00,call,0.36,0.34,0.33,1034,0.34,542,519,6593,2024-05-06,0.11129,0.07627,0.01437,-0.07075,0.12858,0.01177
SPY240517C00533000,SPY,2024-05-17,533.00,call,0.27,0.28,0.27,160,0.28,1624,186,5913,2024-05-06,0.11190,0.06434,0.01253,-0.06219,0.11280,0.00993
SPY240517C00534000,SPY,2024-05-17,534.00,call,0.22,0.21,0.21,1234,0.22,927,105,3939,2024-05-06,0.11053,0.05090,0.01055,-0.05095,0.09382,0.00786
SPY240517C00535000,SPY,2024-05-17,535.00,call,0.19,0.17,0.17,307,0.18,1658,737,22837,2024-05-06,0.11099,0.04214,0.00903,-0.04382,0.08061,0.00651
SPY240517C00536000,SPY,2024-05-17,536.00,call,0.14,0.15,0.14,298,0.15,2359,243,10682,2024-05-06,0.11343,0.03723,0.00799,-0.04037,0.07290,0.00575
SPY240517C00537000,SPY,2024-05-17,537.00,call,0.12,0.11,0.11,1192,0.12,1818,186,13687,2024-05-06,0.11206,0.02861,0.00651,-0.03202,0.05866,0.00442
SPY240517C00538000,SPY,2024-05-17,538.00,call,0.10,0.10,0.09,1248,0.10,2394,297,3534,2024-05-06,0.11495,0.02580,0.00582,-0.03005,0.05381,0.00399
SPY240517C00539000,SPY,2024-05-17,539.00,call,0.09,0.08,0.08,309,0.09,2969,8,9781,2024-05-06,0.11541,0.02111,0.00490,-0.02543,0.04545,0.00326
SPY240517C00540000,SPY,2024-05-17,540.00,call,0.06,0.07,0.06,3967,0.07,2141,1029,30836,2024-05-06,0.11739,0.01841,0.00429,-0.02298,0.04048,0.00285
SPY240517C00545000,SPY,2024-05-17,545.00,call,0.03,0.04,0.03,4536,0.04,2236,67,21370,2024-05-06,0.12867,0.01030,0.00237,-0.01511,0.02452,0.00159
SPY240517C00550000,SPY,2024-05-17,550.00,call,0.03,0.03,0.02,4184,0.03,5444,99,14076,2024-05-06,0.14315,0.00722,0.00156,-0.01222,0.01795,0.00111
SPY240517C00555000,SPY,2024-05-17,555.00,call,0.02,0.03,0.02,309,0.03,6205,32,15338,2024-05-06,0.16160,0.00645,0.00125,-0.01242,0.01625,0.00099
SPY240517C00560000,SPY,2024-05-17,560.00,call,0.01,0.01,0.01,4464,0.02,5454,128,8870,2024-05-06,0.16053,0.00236,0.00051,-0.00500,0.00661,0.00036
SPY240517C00565000,SPY,2024-05-17,565.00,call,0.02,0.01,0.01,1375,0.02,6205,1705,12321,2024-05-06,0.17669,0.00216,0.00043,-0.00506,0.00609,0.00033
SPY240517C00570000,SPY,2024-05-17,570.00,call,0.01,0.01,0.00,0,0.01,2514,410,7841,2024-05-06,0.19269,0.00200,0.00037,-0.00514,0.00570,0.00031
SPY240517C00575000,SPY,2024-05-17,575.00,call,0.01,0.01,0.00,0,0.01,2794,6,4210,2024-05-06,0.20839,0.00187,0.00032,-0.00520,0.00534,0.00029
SPY240517C00580000,SPY,2024-05-17,580.00,call,0.01,0.01,0.00,0,0.01,3252,0,2213,2024-05-06,0.22379,0.00175,0.00028,-0.00525,0.00503,0.00027
SPY240517C00585000,SPY,2024-05-17,585.00,call,0.01,0.01,0.00,0,0.01,3744,0,1313,2024-05-06,0.23888,0.00164,0.00025,-0.00527,0.00475,0.00025
SPY240517C00590000,SPY,2024-05-17,590.00,call,0.01,0.01,0.00,0,0.01,4048,0,2862,2024-05-06,0.25382,0.00155,0.00022,-0.00531,0.00451,0.00024
SPY240517C00595000,SPY,2024-05-17,595.00,call,0.01,0.01,0.00,0,0.01,5254,0,803,2024-05-06,0.26861,0.00147,0.00020,-0.00536,0.00430,0.00023
SPY240517C00600000,SPY,2024-05-17,600.00,call,0.01,0.01,0.00,0,0.01,5376,0,923,2024-05-06,0.28324,0.00141,0.00018,-0.00541,0.00412,0.00022
SPY240517C00605000,SPY,2024-05-17,605.00,call,0.01,0.01,0.00,0,0.01,5376,0,1021,2024-05-06,0.29757,0.00134,0.00017,-0.00544,0.00395,0.00021
SPY240517C00610000,SPY,2024-05-17,610.00,call,0.01,0.01,0.00,0,0.01,5418,0,4044,2024-05-06,0.31175,0.00128,0.00015,-0.00548,0.00380,0.00020
SPY240517C00615000,SPY,2024-05-17,615.00,call,0.01,0.01,0.00,0,0.01,5635,0,155,2024-05-06,0.32577,0.00123,0.00014,-0.00551,0.00366,0.00019
SPY240520C00460000,SPY,2024-05-20,460.00,call,0.00,57.42,57.24,75,57.60,75,0,0,2024-05-06,0.11718,1.00000,0.00000,-0.06704,0.00000,0.17608
SPY240520C00470000,SPY,2024-05-20,470.00,call,0.00,47.47,47.29,1,47.64,75,0,0,2024-05-06,0.09646,1.00000,0.00000,-0.06849,0.00000,0.17991
SPY240520C00480000,SPY,2024-05-20,480.00,call,35.37,37.53,37.35,75,37.71,75,3,0,2024-05-06,0.07575,1.00000,0.00000,-0.06995,0.00000,0.18373
SPY240520C00490000,SPY,2024-05-20,490.00,call,26.85,27.68,27.50,153,27.85,153,5,0,2024-05-06,0.13858,0.97905,0.00359,-0.09503,0.05095,0.18337
SPY240520C00499000,SPY,2024-05-20,499.00,call,0.00,19.06,18.97,10,19.15,10,0,0,2024-05-06,0.13263,0.92276,0.01079,-0.13620,0.14646,0.17552
SPY240520C00500000,SPY,2024-05-20,500.00,call,17.15,18.13,18.05,10,18.22,10,23,0,2024-05-06,0.13141,0.91294,0.01192,-0.14144,0.16028,0.17393
SPY240520C00501000,SPY,2024-05-20,501.00,call,15.44,17.21,17.13,10,17.29,10,1,0,2024-05-06,0.13035,0.90177,0.01314,-0.14709,0.17525,0.17207
SPY240520C00502000,SPY,2024-05-20,502.00,call,15.99,16.30,16.22,10,16.38,10,4,0,2024-05-06,0.12913,0.88968,0.01442,-0.15265,0.19063,0.17003
SPY240520C00503000,SPY,2024-05-20,503.00,call,0.00,15.41,15.33,10,15.48,10,0,0,2024-05-06,0.12852,0.87522,0.01581,-0.15924,0.20800,0.16750
SPY240520C00504000,SPY,2024-05-20,504.00,call,0.00,14.52,14.44,10,14.59,10,0,0,2024-05-06,0.12715,0.86078,0.01724,-0.16468,0.22432,0.16498
SPY240520C00505000,SPY,2024-05-20,505.00,call,11.77,13.64,13.57,10,13.72,10,1,0,2024-05-06,0.12562,0.84521,0.01873,-0.16982,0.24085,0.16224
SPY240520C00506000,SPY,2024-05-20,506.00,call,0.00,12.79,12.72,10,12.86,10,0,0,2024-05-06,0.12471,0.82701,0.02028,-0.17582,0.25888,0.15895
SPY240520C00507000,SPY,2024-05-20,507.00,call,11.87,11.95,11.89,10,12.01,10,6,0,2024-05-06,0.12364,0.80752,0.02187,-0.18137,0.27673,0.15541
SPY240520C00508000,SPY,2024-05-20,508.00,call,9.99,11.13,11.07,10,11.19,10,53,0,2024-05-06,0.12257,0.78642,0.02347,-0.18660,0.29447,0.15155
SPY240520C00509000,SPY,2024-05-20,509.00,call,0.00,10.34,10.28,10,10.39,10,0,0,2024-05-06,0.12181,0.76314,0.02504,-0.19190,0.31225,0.14724
SPY240520C00510000,SPY,2024-05-20,510.00,call,9.53,9.55,9.50,10,9.60,10,10,0,2024-05-06,0.12029,0.73953,0.02668,-0.19550,0.32846,0.14287
SPY240520C00511000,SPY,2024-05-20,511.00,call,8.03,8.80,8.76,10,8.85,10,34,0,2024-05-06,0.11922,0.71347,0.02822,-0.19915,0.34435,0.13799
SPY240520C00512000,SPY,2024-05-20,512.00,call,6.87,8.08,8.04,21,8.12,21,3,0,2024-05-06,0.11846,0.68536,0.02963,-0.20249,0.35921,0.13270
SPY240520C00513000,SPY,2024-05-20,513.00,call,7.36,7.38,7.35,23,7.41,23,86,0,2024-05-06,0.11739,0.65618,0.03098,-0.20449,0.37227,0.12718
SPY240520C00514000,SPY,2024-05-20,514.00,call,6.67,6.71,6.69,49,6.74,49,387,0,2024-05-06,0.11632,0.62554,0.03221,-0.20551,0.38345,0.12137
SPY240520C00515000,SPY,2024-05-20,515.00,call,6.09,6.08,6.06,62,6.10,85,390,0,2024-05-06,0.11556,0.59334,0.03318,-0.20587,0.39251,0.11523
SPY240520C00516000,SPY,2024-05-20,516.00,call,5.55,5.48,5.46,59,5.50,100,167,0,2024-05-06,0.11465,0.56019,0.03400,-0.20483,0.39900,0.10889
SPY240520C00517000,SPY,2024-05-20,517.00,call,4.91,4.92,4.90,59,4.93,113,246,0,2024-05-06,0.11404,0.52609,0.03451,-0.20299,0.40274,0.10235
SPY240520C00518000,SPY,2024-05-20,518.00,call,4.12,4.38,4.37,59,4.40,123,408,0,2024-05-06,0.11297,0.49143,0.03490,-0.19923,0.40351,0.09569
SPY240520C00519000,SPY,2024-05-20,519.00,call,3.89,3.88,3.87,69,3.90,64,144,0,2024-05-06,0.11221,0.45639,0.03493,-0.19463,0.40119,0.08894
SPY240520C00520000,SPY,2024-05-20,520.00,call,3.40,3.42,3.41,69,3.44,84,486,0,2024-05-06,0.11145,0.42127,0.03469,-0.18878,0.39572,0.08216
SPY240520C00530000,SPY,2024-05-20,530.00,call,0.65,0.66,0.65,116,0.67,293,118,0,2024-05-06,0.10459,0.12652,0.01962,-0.08789,0.21002,0.02481
SPY240520C00540000,SPY,2024-05-20,540.00,call,0.10,0.10,0.09,178,0.10,363,247,0,2024-05-06,0.10901,0.02434,0.00518,-0.02433,0.05782,0.00478
SPY240520C00550000,SPY,2024-05-20,550.00,call,0.04,0.04,0.03,187,0.04,361,134,0,2024-05-06,0.13050,0.00912,0.00186,-0.01228,0.02487,0.00179
SPY240520C00560000,SPY,2024-05-20,560.00,call,0.02,0.03,0.02,177,0.03,361,10,0,2024-05-06,0.15855,0.00589,0.00104,-0.01003,0.01693,0.00116
SPY240524C00395000,SPY,2024-05-24,395.00,call,116.41,122.66,122.50,75,122.83,75,0,5,2024-05-06,0.45671,0.99676,0.00019,-0.07155,0.01125,0.19343
SPY240524C00400000,SPY,2024-05-24,400.00,call,111.09,117.69,117.52,75,117.85,75,0,23,2024-05-06,0.45031,0.99578,0.00024,-0.07577,0.01426,0.19563
SPY240524C00405000,SPY,2024-05-24,405.00,call,106.45,112.71,112.55,75,112.87,75,0,16,2024-05-06,0.43522,0.99524,0.00028,-0.07779,0.01586,0.19795
SPY240524C00410000,SPY,2024-05-24,410.00,call,106.33,107.73,107.57,75,107.90,75,2,5,2024-05-06,0.41967,0.99468,0.00032,-0.07975,0.01754,0.20026
SPY240524C00415000,SPY,2024-05-24,415.00,call,101.56,102.75,102.59,75,102.92,75,1,2,2024-05-06,0.40366,0.99407,0.00036,-0.08162,0.01929,0.20257
SPY240524C00420000,SPY,2024-05-24,420.00,call,79.38,97.78,97.61,75,97.94,75,0,52,2024-05-06,0.39193,0.99289,0.00044,-0.08530,0.02267,0.20471
SPY240524C00425000,SPY,2024-05-24,425.00,call,84.08,92.79,92.63,75,92.96,75,0,63,2024-05-06,0.37089,0.99270,0.00048,-0.08523,0.02320,0.20713
SPY240524C00430000,SPY,2024-05-24,430.00,call,86.89,87.81,87.65,75,87.98,75,4,15,2024-05-06,0.35397,0.99194,0.00054,-0.08689,0.02531,0.20939
SPY240524C00435000,SPY,2024-05-24,435.00,call,70.58,82.84,82.68,75,83.01,75,0,20,2024-05-06,0.34056,0.99049,0.00065,-0.09030,0.02926,0.21147
SPY240524C00440000,SPY,2024-05-24,440.00,call,75.96,77.87,77.70,75,78.03,75,4,58,2024-05-06,0.32607,0.98893,0.00078,-0.09347,0.03339,0.21353
SPY240524C00445000,SPY,2024-05-24,445.00,call,68.55,72.89,72.73,75,73.05,75,0,29,2024-05-06,0.30809,0.98785,0.00089,-0.09486,0.03621,0.21571
SPY240524C00450000,SPY,2024-05-24,450.00,call,65.92,67.91,67.75,75,68.08,75,1,45,2024-05-06,0.28995,0.98664,0.00103,-0.09617,0.03931,0.21785
SPY240524C00455000,SPY,2024-05-24,455.00,call,47.19,62.95,62.84,75,63.05,50,0,22,2024-05-06,0.27623,0.98392,0.00127,-0.10041,0.04611,0.21961
SPY240524C00460000,SPY,2024-05-24,460.00,call,53.57,57.97,57.87,75,58.08,50,0,26,2024-05-06,0.25733,0.98232,0.00148,-0.10138,0.05001,0.22166
SPY240524C00465000,SPY,2024-05-24,465.00,call,50.18,53.01,52.91,75,53.11,50,1,173,2024-05-06,0.24193,0.97899,0.00182,-0.10502,0.05790,0.22325
SPY240524C00470000,SPY,2024-05-24,470.00,call,43.77,48.05,47.95,75,48.15,50,0,87,2024-05-06,0.22562,0.97519,0.00224,-0.10830,0.06662,0.22473
SPY240524C00475000,SPY,2024-05-24,475.00,call,38.32,43.11,43.01,50,43.21,50,0,91,2024-05-06,0.21083,0.96936,0.00286,-0.11335,0.07944,0.22568
SPY240524C00480000,SPY,2024-05-24,480.00,call,36.48,38.18,38.08,75,38.28,50,2,110,2024-05-06,0.19574,0.96175,0.00370,-0.11880,0.09532,0.22617
SPY240524C00481000,SPY,2024-05-24,481.00,call,30.43,37.20,37.10,153,37.30,50,0,7,2024-05-06,0.19315,0.95960,0.00392,-0.12043,0.09966,0.22611
SPY240524C00482000,SPY,2024-05-24,482.00,call,24.00,36.22,36.12,153,36.32,50,0,46,2024-05-06,0.19041,0.95742,0.00415,-0.12194,0.10400,0.22604
SPY240524C00483000,SPY,2024-05-24,483.00,call,23.67,35.24,35.14,153,35.34,50,0,83,2024-05-06,0.18751,0.95521,0.00439,-0.12333,0.10833,0.22596
SPY240524C00484000,SPY,2024-05-24,484.00,call,20.93,34.27,34.17,50,34.36,50,0,36,2024-05-06,0.18553,0.95205,0.00469,-0.12578,0.11441,0.22563
SPY240524C00485000,SPY,2024-05-24,485.00,call,31.71,33.28,33.19,153,33.38,50,7,128,2024-05-06,0.18157,0.95046,0.00491,-0.12606,0.11743,0.22572
SPY240524C00486000,SPY,2024-05-24,486.00,call,18.91,32.31,32.22,50,32.41,50,0,213,2024-05-06,0.17928,0.94719,0.00524,-0.12827,0.12358,0.22536
SPY240524C00487000,SPY,2024-05-24,487.00,call,26.34,31.34,31.25,153,31.44,50,0,353,2024-05-06,0.17669,0.94396,0.00557,-0.13019,0.12951,0.22502
SPY240524C00488000,SPY,2024-05-24,488.00,call,25.18,30.38,30.28,153,30.47,50,0,31,2024-05-06,0.17486,0.93971,0.00596,-0.13308,0.13717,0.22441
SPY240524C00489000,SPY,2024-05-24,489.00,call,16.63,29.41,29.32,153,29.51,50,0,5,2024-05-06,0.17211,0.93611,0.00634,-0.13494,0.14352,0.22397
SPY240524C00490000,SPY,2024-05-24,490.00,call,27.52,28.45,28.36,153,28.55,50,1007,1291,2024-05-06,0.16983,0.93172,0.00676,-0.13741,0.15110,0.22332
SPY240524C00491000,SPY,2024-05-24,491.00,call,27.56,27.49,27.40,153,27.59,50,10,14,2024-05-06,0.16739,0.92717,0.00721,-0.13976,0.15879,0.22264
SPY240524C00492000,SPY,2024-05-24,492.00,call,25.43,26.54,26.45,153,26.63,100,10,31,2024-05-06,0.16526,0.92189,0.00770,-0.14255,0.16748,0.22176
SPY240524C00493000,SPY,2024-05-24,493.00,call,24.38,25.59,25.50,403,25.68,100,1,440,2024-05-06,0.16297,0.91639,0.00822,-0.14521,0.17632,0.22083
SPY240524C00494000,SPY,2024-05-24,494.00,call,24.72,24.65,24.56,403,24.74,100,3,349,2024-05-06,0.16114,0.90985,0.00880,-0.14852,0.18652,0.21962
SPY240524C00495000,SPY,2024-05-24,495.00,call,23.79,23.71,23.62,403,23.80,100,1020,1380,2024-05-06,0.15885,0.90341,0.00939,-0.15129,0.19626,0.21845
SPY240524C00496000,SPY,2024-05-24,496.00,call,22.04,22.78,22.69,403,22.87,100,12,271,2024-05-06,0.15702,0.89583,0.01004,-0.15471,0.20740,0.21697
SPY240524C00497000,SPY,2024-05-24,497.00,call,20.47,21.86,21.77,403,21.94,100,12,551,2024-05-06,0.15519,0.88765,0.01072,-0.15818,0.21900,0.21535
SPY240524C00498000,SPY,2024-05-24,498.00,call,20.30,20.94,20.85,403,21.02,100,10,661,2024-05-06,0.15321,0.87906,0.01144,-0.16145,0.23074,0.21361
SPY240524C00499000,SPY,2024-05-24,499.00,call,19.10,20.03,19.95,100,20.11,100,4,767,2024-05-06,0.15123,0.86980,0.01221,-0.16474,0.24293,0.21170
SPY240524C00500000,SPY,2024-05-24,500.00,call,18.17,19.12,19.05,100,19.20,100,224,1079,2024-05-06,0.14910,0.86007,0.01301,-0.16780,0.25525,0.20967
SPY240524C00501000,SPY,2024-05-24,501.00,call,16.98,18.23,18.16,275,18.31,100,7,1590,2024-05-06,0.14742,0.84885,0.01386,-0.17146,0.26883,0.20725
SPY240524C00502000,SPY,2024-05-24,502.00,call,16.24,17.36,17.28,287,17.43,100,72,1099,2024-05-06,0.14605,0.83631,0.01474,-0.17548,0.28329,0.20449
SPY240524C00503000,SPY,2024-05-24,503.00,call,15.56,16.48,16.41,328,16.56,100,4,1287,2024-05-06,0.14391,0.82412,0.01566,-0.17835,0.29665,0.20182
SPY240524C00504000,SPY,2024-05-24,504.00,call,15.80,15.63,15.56,234,15.70,100,14,1302,2024-05-06,0.14254,0.80978,0.01661,-0.18215,0.31151,0.19858
SPY240524C00505000,SPY,2024-05-24,505.00,call,15.00,14.79,14.72,207,14.85,100,36,1100,2024-05-06,0.14102,0.79473,0.01758,-0.18556,0.32619,0.19516
SPY240524C00506000,SPY,2024-05-24,506.00,call,13.80,13.96,13.90,100,14.02,100,49,811,2024-05-06,0.13934,0.77892,0.01858,-0.18856,0.34062,0.19154
SPY240524C00507000,SPY,2024-05-24,507.00,call,13.15,13.15,13.09,100,13.21,100,101,844,2024-05-06,0.13782,0.76183,0.01958,-0.19150,0.35513,0.18759
SPY240524C00508000,SPY,2024-05-24,508.00,call,12.00,12.36,12.30,100,12.41,100,28,1878,2024-05-06,0.13660,0.74322,0.02057,-0.19454,0.36970,0.18324
SPY240524C00509000,SPY,2024-05-24,509.00,call,10.79,11.58,11.53,100,11.63,100,50,828,2024-05-06,0.13492,0.72422,0.02159,-0.19659,0.38330,0.17878
SPY240524C00510000,SPY,2024-05-24,510.00,call,10.80,10.82,10.78,100,10.87,100,225,2559,2024-05-06,0.13355,0.70370,0.02257,-0.19863,0.39661,0.17393
SPY240524C00511000,SPY,2024-05-24,511.00,call,10.02,10.09,10.05,100,10.13,100,111,806,2024-05-06,0.13233,0.68191,0.02350,-0.20038,0.40920,0.16874
SPY240524C00512000,SPY,2024-05-24,512.00,call,9.32,9.38,9.35,101,9.41,116,285,873,2024-05-06,0.13111,0.65911,0.02439,-0.20158,0.42075,0.16328
SPY240524C00513000,SPY,2024-05-24,513.00,call,8.70,8.70,8.67,101,8.72,101,135,1433,2024-05-06,0.13004,0.63518,0.02519,-0.20237,0.43112,0.15752
SPY240524C00514000,SPY,2024-05-24,514.00,call,7.95,8.04,8.01,101,8.06,213,1080,809,2024-05-06,0.12882,0.61046,0.02595,-0.20232,0.43999,0.15155
SPY240524C00515000,SPY,2024-05-24,515.00,call,7.47,7.40,7.38,232,7.42,132,1691,2130,2024-05-06,0.12760,0.58486,0.02663,-0.20157,0.44725,0.14534
SPY240524C00516000,SPY,2024-05-24,516.00,call,6.91,6.79,6.77,240,6.81,104,802,1137,2024-05-06,0.12654,0.55839,0.02719,-0.20026,0.45274,0.13890
SPY240524C00517000,SPY,2024-05-24,517.00,call,6.09,6.21,6.19,240,6.23,111,958,1419,2024-05-06,0.12547,0.53125,0.02763,-0.19818,0.45624,0.13227
SPY240524C00518000,SPY,2024-05-24,518.00,call,5.74,5.66,5.64,296,5.68,262,279,1814,2024-05-06,0.12440,0.50355,0.02795,-0.19530,0.45763,0.12549
SPY240524C00519000,SPY,2024-05-24,519.00,call,5.19,5.14,5.12,300,5.16,299,418,1363,2024-05-06,0.12349,0.47545,0.02811,-0.19180,0.45678,0.11859
SPY240524C00520000,SPY,2024-05-24,520.00,call,4.63,4.65,4.63,300,4.67,390,820,4115,2024-05-06,0.12257,0.44711,0.02812,-0.18750,0.45362,0.11161
SPY240524C00521000,SPY,2024-05-24,521.00,call,4.26,4.19,4.17,298,4.21,426,559,1410,2024-05-06,0.12181,0.41879,0.02796,-0.18261,0.44813,0.10462
SPY240524C00522000,SPY,2024-05-24,522.00,call,3.83,3.75,3.74,308,3.77,86,662,1048,2024-05-06,0.12074,0.39030,0.02771,-0.17655,0.44023,0.09758
SPY240524C00523000,SPY,2024-05-24,523.00,call,3.42,3.35,3.34,281,3.37,316,153,2046,2024-05-06,0.11983,0.36212,0.02727,-0.16997,0.43003,0.09060
SPY240524C00524000,SPY,2024-05-24,524.00,call,2.97,2.99,2.97,219,3.00,330,253,1219,2024-05-06,0.11937,0.33494,0.02660,-0.16340,0.41789,0.08385
SPY240524C00525000,SPY,2024-05-24,525.00,call,2.60,2.63,2.62,325,2.65,276,2384,4332,2024-05-06,0.11815,0.30726,0.02593,-0.15510,0.40313,0.07698
SPY240524C00526000,SPY,2024-05-24,526.00,call,2.33,2.32,2.31,200,2.33,102,867,1544,2024-05-06,0.11754,0.28119,0.02502,-0.14722,0.38695,0.07049
SPY240524C00527000,SPY,2024-05-24,527.00,call,2.06,2.03,2.02,203,2.04,336,325,1459,2024-05-06,0.11678,0.25576,0.02401,-0.13867,0.36893,0.06415
SPY240524C00528000,SPY,2024-05-24,528.00,call,1.82,1.77,1.75,422,1.78,400,268,3886,2024-05-06,0.11602,0.23131,0.02289,-0.12980,0.34943,0.05805
SPY240524C00529000,SPY,2024-05-24,529.00,call,1.39,1.53,1.52,225,1.54,424,93,2273,2024-05-06,0.11510,0.20765,0.02168,-0.12045,0.32842,0.05214
SPY240524C00530000,SPY,2024-05-24,530.00,call,1.31,1.31,1.30,525,1.32,51,859,5893,2024-05-06,0.11419,0.18518,0.02039,-0.11096,0.30639,0.04653
SPY240524C00531000,SPY,2024-05-24,531.00,call,1.15,1.12,1.12,198,1.13,51,85,756,2024-05-06,0.11343,0.16432,0.01903,-0.10171,0.28400,0.04131
SPY240524C00532000,SPY,2024-05-24,532.00,call,0.96,0.96,0.95,405,0.97,410,47,785,2024-05-06,0.11297,0.14551,0.01763,-0.09308,0.26208,0.03659
SPY240524C00533000,SPY,2024-05-24,533.00,call,0.79,0.81,0.81,212,0.82,133,211,1842,2024-05-06,0.11221,0.12743,0.01621,-0.08409,0.23934,0.03206
SPY240524C00534000,SPY,2024-05-24,534.00,call,0.72,0.69,0.68,281,0.70,643,33,579,2024-05-06,0.11206,0.11209,0.01483,-0.07640,0.21863,0.02821
SPY240524C00535000,SPY,2024-05-24,535.00,call,0.60,0.58,0.57,399,0.59,1753,709,763,2024-05-06,0.11145,0.09716,0.01344,-0.06827,0.19712,0.02447
SPY240524C00536000,SPY,2024-05-24,536.00,call,0.49,0.48,0.48,294,0.49,471,702,576,2024-05-06,0.11084,0.08363,0.01209,-0.06053,0.17635,0.02107
SPY240524C00537000,SPY,2024-05-24,537.00,call,0.37,0.41,0.40,299,0.41,547,441,244,2024-05-06,0.11099,0.07287,0.01088,-0.05441,0.15885,0.01836
SPY240524C00538000,SPY,2024-05-24,538.00,call,0.35,0.34,0.34,288,0.35,2193,278,915,2024-05-06,0.11068,0.06245,0.00968,-0.04801,0.14100,0.01574
SPY240524C00539000,SPY,2024-05-24,539.00,call,0.30,0.29,0.28,305,0.29,741,185,858,2024-05-06,0.11099,0.05419,0.00863,-0.04293,0.12611,0.01366
SPY240524C00540000,SPY,2024-05-24,540.00,call,0.23,0.23,0.23,1843,0.24,915,129,1118,2024-05-06,0.10992,0.04482,0.00749,-0.03644,0.10838,0.01130
SPY240524C00545000,SPY,2024-05-24,545.00,call,0.11,0.11,0.10,2823,0.11,2209,161,1323,2024-05-06,0.11404,0.02280,0.00413,-0.02136,0.06205,0.00575
SPY240524C00550000,SPY,2024-05-24,550.00,call,0.06,0.06,0.05,3723,0.06,2402,216,1044,2024-05-06,0.12013,0.01259,0.00236,-0.01340,0.03735,0.00318
SPY240524C00555000,SPY,2024-05-24,555.00,call,0.03,0.04,0.03,4425,0.04,2572,15,660,2024-05-06,0.12898,0.00821,0.00152,-0.00983,0.02574,0.00207
SPY240524C00560000,SPY,2024-05-24,560.00,call,0.03,0.03,0.02,4860,0.03,4182,19,1125,2024-05-06,0.13888,0.00592,0.00105,-0.00788,0.01928,0.00149
SPY240524C00565000,SPY,2024-05-24,565.00,call,0.03,0.03,0.02,361,0.03,5832,1682,4683,2024-05-06,0.15276,0.00543,0.00089,-0.00798,0.01784,0.00137
SPY240524C00570000,SPY,2024-05-24,570.00,call,0.02,0.01,0.01,4922,0.02,3051,186,3515,2024-05-06,0.14910,0.00201,0.00037,-0.00317,0.00730,0.00051
SPY240524C00575000,SPY,2024-05-24,575.00,call,0.02,0.01,0.01,2343,0.02,5011,0,15,2024-05-06,0.16144,0.00188,0.00032,-0.00322,0.00687,0.00047
SPY240524C00580000,SPY,2024-05-24,580.00,call,0.02,0.01,0.01,337,0.02,5862,101,175,2024-05-06,0.17349,0.00176,0.00028,-0.00325,0.00647,0.00044
SPY240524C00585000,SPY,2024-05-24,585.00,call,0.01,0.01,0.01,177,0.02,6446,7,565,2024-05-06,0.18538,0.00165,0.00025,-0.00328,0.00612,0.00042
SPY240524C00590000,SPY,2024-05-24,590.00,call,0.01,0.01,0.00,0,0.01,3262,1,590,2024-05-06,0.19711,0.00157,0.00022,-0.00330,0.00582,0.00039
SPY240524C00595000,SPY,2024-05-24,595.00,call,0.03,0.01,0.00,0,0.01,3812,0,11,2024-05-06,0.20855,0.00148,0.00020,-0.00331,0.00552,0.00037
SPY240524C00600000,SPY,2024-05-24,600.00,call,0.01,0.01,0.00,0,0.01,4655,0,30,2024-05-06,0.21998,0.00141,0.00018,-0.00334,0.00529,0.00035
SPY240531C00300000,SPY,2024-05-31,300.00,call,215.42,217.55,217.37,75,217.73,75,2,13,2024-05-06,0.25880,1.00000,0.00000,-0.04365,0.00000,0.20473
SPY240531C00305000,SPY,2024-05-31,305.00,call,222.00,212.57,212.39,75,212.75,75,0,41,2024-05-06,0.25283,1.00000,0.00000,-0.04438,0.00000,0.20814
SPY240531C00310000,SPY,2024-05-31,310.00,call,216.72,207.59,207.41,75,207.78,75,0,18,2024-05-06,0.24685,1.00000,0.00000,-0.04510,0.00000,0.21156
SPY240531C00315000,SPY,2024-05-31,315.00,call,167.50,202.62,202.44,75,202.80,75,0,30,2024-05-06,0.24088,1.00000,0.00000,-0.04583,0.00000,0.21497
SPY240531C00320000,SPY,2024-05-31,320.00,call,148.69,197.64,197.46,75,197.82,75,0,3,2024-05-06,0.23490,1.00000,0.00000,-0.04656,0.00000,0.21838
SPY240531C00325000,SPY,2024-05-31,325.00,call,202.14,192.66,192.48,75,192.84,75,0,2,2024-05-06,0.22893,1.00000,0.00000,-0.04729,0.00000,0.22179
SPY240531C00330000,SPY,2024-05-31,330.00,call,184.11,187.68,187.50,75,187.86,75,0,107,2024-05-06,0.22295,1.00000,0.00000,-0.04801,0.00000,0.22520
SPY240531C00335000,SPY,2024-05-31,335.00,call,134.26,182.70,182.53,75,182.88,75,0,1,2024-05-06,0.21698,1.00000,0.00000,-0.04874,0.00000,0.22862
SPY240531C00340000,SPY,2024-05-31,340.00,call,179.27,177.73,177.55,75,177.90,75,0,67,2024-05-06,0.21100,1.00000,0.00000,-0.04947,0.00000,0.23203
SPY240531C00345000,SPY,2024-05-31,345.00,call,157.34,172.75,172.57,75,172.92,75,0,70,2024-05-06,0.20503,1.00000,0.00000,-0.05020,0.00000,0.23544
SPY240531C00350000,SPY,2024-05-31,350.00,call,163.32,167.77,167.60,75,167.95,75,0,170,2024-05-06,0.19905,1.00000,0.00000,-0.05092,0.00000,0.23885
SPY240531C00355000,SPY,2024-05-31,355.00,call,166.56,162.80,162.62,75,162.97,75,0,71,2024-05-06,0.19308,1.00000,0.00000,-0.05165,0.00000,0.24226
SPY240531C00360000,SPY,2024-05-31,360.00,call,123.56,157.82,157.65,75,157.99,75,0,486,2024-05-06,0.18710,1.00000,0.00000,-0.05238,0.00000,0.24568
SPY240531C00365000,SPY,2024-05-31,365.00,call,139.08,152.84,152.67,75,153.01,75,0,103,2024-05-06,0.18113,1.00000,0.00000,-0.05311,0.00000,0.24909
SPY240531C00370000,SPY,2024-05-31,370.00,call,109.01,147.87,147.69,75,148.04,75,0,330,2024-05-06,0.17515,1.00000,0.00000,-0.05383,0.00000,0.25250
SPY240531C00375000,SPY,2024-05-31,375.00,call,130.87,142.89,142.72,75,143.06,75,0,95,2024-05-06,0.16918,1.00000,0.00000,-0.05456,0.00000,0.25591
SPY240531C00380000,SPY,2024-05-31,380.00,call,140.75,137.91,137.74,75,138.08,75,0,157,2024-05-06,0.16320,1.00000,0.00000,-0.05529,0.00000,0.25933
SPY240531C00385000,SPY,2024-05-31,385.00,call,94.58,132.94,132.77,75,133.11,75,0,24,2024-05-06,0.15723,1.00000,0.00000,-0.05602,0.00000,0.26274
SPY240531C00390000,SPY,2024-05-31,390.00,call,123.18,127.96,127.79,75,128.13,75,0,56,2024-05-06,0.15125,1.00000,0.00000,-0.05674,0.00000,0.26615
SPY240531C00395000,SPY,2024-05-31,395.00,call,107.51,122.99,122.82,75,123.16,75,0,108,2024-05-06,0.14528,1.00000,0.00000,-0.05747,0.00000,0.26956
SPY240531C00400000,SPY,2024-05-31,400.00,call,116.83,118.02,117.85,75,118.18,75,12,285,2024-05-06,0.13930,1.00000,0.00000,-0.05820,0.00000,0.27297
SPY240531C00405000,SPY,2024-05-31,405.00,call,98.04,113.04,112.87,75,113.21,75,0,295,2024-05-06,0.13333,1.00000,0.00000,-0.05893,0.00000,0.27639
SPY240531C00406000,SPY,2024-05-31,406.00,call,96.15,112.04,111.88,75,112.21,75,0,94,2024-05-06,0.13213,1.00000,0.00000,-0.05907,0.00000,0.27707
SPY240531C00407000,SPY,2024-05-31,407.00,call,74.77,111.05,110.88,75,111.22,75,0,400,2024-05-06,0.13094,1.00000,0.00000,-0.05922,0.00000,0.27775
SPY240531C00408000,SPY,2024-05-31,408.00,call,113.09,110.06,109.89,75,110.22,75,0,154,2024-05-06,0.27211,0.99966,0.00003,-0.06024,0.00167,0.27831
SPY240531C00409000,SPY,2024-05-31,409.00,call,95.30,109.06,108.89,75,109.23,75,0,86,2024-05-06,0.12855,1.00000,0.00000,-0.05951,0.00000,0.27912
SPY240531C00410000,SPY,2024-05-31,410.00,call,105.25,108.06,107.90,75,108.23,75,2,237,2024-05-06,0.12735,1.00000,0.00000,-0.05965,0.00000,0.27980
SPY240531C00411000,SPY,2024-05-31,411.00,call,70.95,107.07,106.90,75,107.24,75,0,125,2024-05-06,0.25809,0.99974,0.00003,-0.06045,0.00130,0.28039
SPY240531C00412000,SPY,2024-05-31,412.00,call,110.51,106.07,105.91,75,106.24,75,0,100,2024-05-06,0.12496,1.00000,0.00000,-0.05994,0.00000,0.28116
SPY240531C00413000,SPY,2024-05-31,413.00,call,94.09,105.09,104.92,75,105.25,75,0,438,2024-05-06,0.29269,0.99868,0.00011,-0.06342,0.00586,0.28137
SPY240531C00414000,SPY,2024-05-31,414.00,call,107.88,104.09,103.92,75,104.25,75,0,135,2024-05-06,0.28294,0.99895,0.00009,-0.06285,0.00476,0.28215
SPY240531C00415000,SPY,2024-05-31,415.00,call,96.52,103.09,102.93,75,103.26,75,0,264,2024-05-06,0.27135,0.99924,0.00007,-0.06225,0.00355,0.28294
SPY240531C00416000,SPY,2024-05-31,416.00,call,92.36,102.09,101.93,75,102.26,75,0,104,2024-05-06,0.25565,0.99956,0.00005,-0.06159,0.00215,0.28373
SPY240531C00417000,SPY,2024-05-31,417.00,call,100.81,101.10,100.94,75,101.27,75,0,436,2024-05-06,0.27257,0.99899,0.00009,-0.06309,0.00458,0.28421
SPY240531C00418000,SPY,2024-05-31,418.00,call,80.93,100.10,99.94,75,100.27,75,0,199,2024-05-06,0.26053,0.99930,0.00007,-0.06248,0.00330,0.28500
SPY240531C00419000,SPY,2024-05-31,419.00,call,63.99,99.12,98.95,75,99.28,75,0,119,2024-05-06,0.28659,0.99799,0.00016,-0.06573,0.00860,0.28521
SPY240531C00420000,SPY,2024-05-31,420.00,call,88.28,98.12,97.95,75,98.28,75,0,42,2024-05-06,0.27912,0.99825,0.00015,-0.06522,0.00760,0.28599
SPY240531C00421000,SPY,2024-05-31,421.00,call,77.88,97.12,96.96,75,97.29,75,0,466,2024-05-06,0.27120,0.99851,0.00013,-0.06470,0.00657,0.28677
SPY240531C00422000,SPY,2024-05-31,422.00,call,76.48,96.12,95.96,75,96.29,75,0,81,2024-05-06,0.26220,0.99879,0.00011,-0.06414,0.00540,0.28755
SPY240531C00423000,SPY,2024-05-31,423.00,call,92.82,95.13,94.97,75,95.30,75,0,93,2024-05-06,0.26922,0.99827,0.00015,-0.06546,0.00752,0.28804
SPY240531C00424000,SPY,2024-05-31,424.00,call,81.48,94.15,93.98,75,94.31,75,0,167,2024-05-06,0.28309,0.99704,0.00024,-0.06839,0.01223,0.28828
SPY240531C00425000,SPY,2024-05-31,425.00,call,90.27,93.15,92.98,75,93.31,75,2,58,2024-05-06,0.27699,0.99727,0.00022,-0.06792,0.01137,0.28905
SPY240531C00426000,SPY,2024-05-31,426.00,call,88.71,92.16,91.99,75,92.32,75,0,143,2024-05-06,0.27912,0.99679,0.00026,-0.06907,0.01315,0.28956
SPY240531C00427000,SPY,2024-05-31,427.00,call,93.87,91.16,90.99,75,91.32,75,0,120,2024-05-06,0.27333,0.99701,0.00025,-0.06864,0.01233,0.29032
SPY240531C00428000,SPY,2024-05-31,428.00,call,95.73,90.16,90.00,75,90.33,75,0,503,2024-05-06,0.26723,0.99725,0.00023,-0.06817,0.01143,0.29109
SPY240531C00429000,SPY,2024-05-31,429.00,call,78.96,89.16,89.00,75,89.33,75,0,94,2024-05-06,0.26098,0.99750,0.00022,-0.06770,0.01049,0.29186
SPY240531C00430000,SPY,2024-05-31,430.00,call,86.90,88.18,88.01,75,88.34,75,26,220,2024-05-06,0.27089,0.99625,0.00030,-0.07046,0.01510,0.29209
SPY240531C00431000,SPY,2024-05-31,431.00,call,71.47,87.18,87.02,75,87.34,75,0,226,2024-05-06,0.26541,0.99648,0.00029,-0.07002,0.01430,0.29286
SPY240531C00432000,SPY,2024-05-31,432.00,call,81.14,86.19,86.02,75,86.35,75,0,258,2024-05-06,0.26647,0.99599,0.00033,-0.07111,0.01607,0.29336
SPY240531C00433000,SPY,2024-05-31,433.00,call,53.92,85.19,85.03,75,85.36,75,0,305,2024-05-06,0.26114,0.99620,0.00032,-0.07069,0.01528,0.29412
SPY240531C00434000,SPY,2024-05-31,434.00,call,72.62,84.20,84.03,75,84.37,75,0,592,2024-05-06,0.26205,0.99569,0.00036,-0.07178,0.01711,0.29462
SPY240531C00435000,SPY,2024-05-31,435.00,call,70.01,83.21,83.04,75,83.37,75,0,358,2024-05-06,0.26251,0.99519,0.00039,-0.07284,0.01889,0.29512
SPY240531C00436000,SPY,2024-05-31,436.00,call,80.29,82.22,82.05,75,82.38,75,0,571,2024-05-06,0.26266,0.99468,0.00043,-0.07388,0.02066,0.29562
SPY240531C00437000,SPY,2024-05-31,437.00,call,74.76,81.22,81.05,75,81.39,75,0,106,2024-05-06,0.25763,0.99490,0.00042,-0.07344,0.01991,0.29638
SPY240531C00438000,SPY,2024-05-31,438.00,call,73.88,80.22,80.06,75,80.39,75,0,150,2024-05-06,0.25275,0.99510,0.00042,-0.07306,0.01921,0.29713
SPY240531C00439000,SPY,2024-05-31,439.00,call,71.94,79.23,79.06,75,79.40,75,0,250,2024-05-06,0.25275,0.99458,0.00045,-0.07407,0.02099,0.29763
SPY240531C00440000,SPY,2024-05-31,440.00,call,76.16,78.23,78.07,75,78.40,75,11,109,2024-05-06,0.24803,0.99477,0.00045,-0.07371,0.02034,0.29838
SPY240531C00441000,SPY,2024-05-31,441.00,call,75.18,77.25,77.08,75,77.41,75,3,374,2024-05-06,0.25214,0.99353,0.00053,-0.07606,0.02459,0.29861
SPY240531C00442000,SPY,2024-05-31,442.00,call,59.62,76.25,76.08,75,76.42,75,0,424,2024-05-06,0.24757,0.99370,0.00053,-0.07571,0.02400,0.29936
SPY240531C00443000,SPY,2024-05-31,443.00,call,64.03,75.25,75.09,75,75.42,75,0,1175,2024-05-06,0.24284,0.99391,0.00053,-0.07530,0.02331,0.30012
SPY240531C00444000,SPY,2024-05-31,444.00,call,64.32,74.27,74.10,75,74.43,75,0,853,2024-05-06,0.24620,0.99262,0.00061,-0.07762,0.02759,0.30034
SPY240531C00445000,SPY,2024-05-31,445.00,call,68.72,73.27,73.10,75,73.44,75,0,596,2024-05-06,0.24163,0.99281,0.00061,-0.07722,0.02697,0.30109
SPY240531C00446000,SPY,2024-05-31,446.00,call,67.07,72.28,72.11,75,72.44,75,0,750,2024-05-06,0.24071,0.99226,0.00065,-0.07814,0.02877,0.30157
SPY240531C00447000,SPY,2024-05-31,447.00,call,55.07,71.28,71.12,75,71.45,75,0,668,2024-05-06,0.23629,0.99243,0.00065,-0.07779,0.02822,0.30232
SPY240531C00448000,SPY,2024-05-31,448.00,call,59.63,70.29,70.12,75,70.46,75,0,503,2024-05-06,0.23538,0.99185,0.00070,-0.07874,0.03013,0.30279
SPY240531C00449000,SPY,2024-05-31,449.00,call,60.57,69.29,69.13,75,69.46,75,0,765,2024-05-06,0.23095,0.99202,0.00070,-0.07837,0.02956,0.30353
SPY240531C00450000,SPY,2024-05-31,450.00,call,65.96,68.31,68.14,75,68.47,75,25,1497,2024-05-06,0.23294,0.99070,0.00079,-0.08051,0.03382,0.30374
SPY240531C00451000,SPY,2024-05-31,451.00,call,58.54,67.31,67.15,75,67.48,75,0,664,2024-05-06,0.22852,0.99088,0.00080,-0.08011,0.03324,0.30449
SPY240531C00452000,SPY,2024-05-31,452.00,call,52.40,66.32,66.22,75,66.42,10,0,214,2024-05-06,0.22714,0.99029,0.00085,-0.08097,0.03512,0.30495
SPY240531C00453000,SPY,2024-05-31,453.00,call,55.48,65.33,65.23,10,65.43,10,0,660,2024-05-06,0.22577,0.98966,0.00090,-0.08186,0.03710,0.30541
SPY240531C00454000,SPY,2024-05-31,454.00,call,49.00,64.34,64.23,75,64.44,10,0,723,2024-05-06,0.22410,0.98908,0.00095,-0.08265,0.03891,0.30588
SPY240531C00455000,SPY,2024-05-31,455.00,call,61.53,63.34,63.24,75,63.45,10,1,792,2024-05-06,0.21998,0.98918,0.00096,-0.08235,0.03859,0.30660
SPY240531C00456000,SPY,2024-05-31,456.00,call,47.92,62.35,62.25,75,62.45,10,0,1383,2024-05-06,0.21830,0.98856,0.00102,-0.08315,0.04051,0.30706
SPY240531C00457000,SPY,2024-05-31,457.00,call,50.20,61.36,61.26,75,61.46,10,0,958,2024-05-06,0.21663,0.98790,0.00107,-0.08399,0.04253,0.30751
SPY240531C00458000,SPY,2024-05-31,458.00,call,55.20,60.37,60.27,75,60.47,10,0,1660,2024-05-06,0.21480,0.98725,0.00113,-0.08477,0.04450,0.30796
SPY240531C00459000,SPY,2024-05-31,459.00,call,51.21,59.38,59.28,10,59.48,10,0,1207,2024-05-06,0.21282,0.98662,0.00119,-0.08550,0.04641,0.30841
SPY240531C00460000,SPY,2024-05-31,460.00,call,56.15,58.39,58.29,10,58.49,10,11,1872,2024-05-06,0.21083,0.98595,0.00126,-0.08626,0.04841,0.30885
SPY240531C00461000,SPY,2024-05-31,461.00,call,44.92,57.40,57.30,10,57.50,10,0,407,2024-05-06,0.20885,0.98524,0.00132,-0.08703,0.05051,0.30928
SPY240531C00462000,SPY,2024-05-31,462.00,call,48.99,56.41,56.31,10,56.51,10,0,638,2024-05-06,0.20672,0.98454,0.00139,-0.08775,0.05253,0.30971
SPY240531C00463000,SPY,2024-05-31,463.00,call,40.56,55.42,55.32,10,55.52,10,0,419,2024-05-06,0.20458,0.98381,0.00146,-0.08848,0.05465,0.31013
SPY240531C00464000,SPY,2024-05-31,464.00,call,44.21,54.43,54.33,75,54.53,10,0,217,2024-05-06,0.20230,0.98311,0.00153,-0.08915,0.05669,0.31056
SPY240531C00465000,SPY,2024-05-31,465.00,call,53.51,53.44,53.34,75,53.54,10,4,1685,2024-05-06,0.20001,0.98236,0.00161,-0.08983,0.05882,0.31097
SPY240531C00466000,SPY,2024-05-31,466.00,call,46.76,52.45,52.35,75,52.55,10,0,620,2024-05-06,0.19772,0.98157,0.00169,-0.09053,0.06106,0.31137
SPY240531C00467000,SPY,2024-05-31,467.00,call,45.80,51.46,51.36,75,51.56,10,0,870,2024-05-06,0.19529,0.98081,0.00177,-0.09115,0.06319,0.31178
SPY240531C00468000,SPY,2024-05-31,468.00,call,39.98,50.48,50.38,10,50.58,10,0,571,2024-05-06,0.19437,0.97924,0.00190,-0.09276,0.06756,0.31189
SPY240531C00469000,SPY,2024-05-31,469.00,call,48.00,49.49,49.39,75,49.59,10,1,989,2024-05-06,0.19178,0.97845,0.00199,-0.09333,0.06974,0.31229
SPY240531C00470000,SPY,2024-05-31,470.00,call,47.57,48.50,48.40,75,48.60,10,33,1967,2024-05-06,0.18919,0.97761,0.00208,-0.09391,0.07203,0.31267
SPY240531C00471000,SPY,2024-05-31,471.00,call,33.35,47.52,47.42,75,47.62,10,0,864,2024-05-06,0.18797,0.97593,0.00223,-0.09545,0.07654,0.31275
SPY240531C00472000,SPY,2024-05-31,472.00,call,37.33,46.53,46.44,10,46.63,10,0,437,2024-05-06,0.18522,0.97506,0.00233,-0.09597,0.07886,0.31312
SPY240531C00473000,SPY,2024-05-31,473.00,call,41.12,45.55,45.45,75,45.65,10,0,23,2024-05-06,0.18370,0.97337,0.00248,-0.09738,0.08330,0.31319
SPY240531C00474000,SPY,2024-05-31,474.00,call,35.14,44.57,44.47,75,44.67,10,0,86,2024-05-06,0.18202,0.97166,0.00264,-0.09873,0.08773,0.31326
SPY240531C00475000,SPY,2024-05-31,475.00,call,42.70,43.59,43.49,153,43.69,10,15,424,2024-05-06,0.18035,0.96984,0.00280,-0.10012,0.09239,0.31329
SPY240531C00476000,SPY,2024-05-31,476.00,call,40.56,42.61,42.51,10,42.71,10,1,60,2024-05-06,0.17836,0.96811,0.00297,-0.10132,0.09675,0.31335
SPY240531C00477000,SPY,2024-05-31,477.00,call,36.58,41.63,41.53,153,41.73,10,0,38,2024-05-06,0.17638,0.96627,0.00314,-0.10256,0.10134,0.31337
SPY240531C00478000,SPY,2024-05-31,478.00,call,30.70,40.66,40.56,10,40.75,10,0,46,2024-05-06,0.17516,0.96370,0.00336,-0.10447,0.10764,0.31312
SPY240531C00479000,SPY,2024-05-31,479.00,call,34.99,39.67,39.58,10,39.77,10,0,82,2024-05-06,0.17211,0.96245,0.00352,-0.10489,0.11064,0.31336
SPY240531C00480000,SPY,2024-05-31,480.00,call,36.32,38.70,38.61,10,38.80,10,5,1481,2024-05-06,0.17059,0.95983,0.00375,-0.10664,0.11690,0.31310
SPY240531C00481000,SPY,2024-05-31,481.00,call,36.00,37.73,37.64,10,37.83,10,4,105,2024-05-06,0.16907,0.95701,0.00400,-0.10844,0.12350,0.31276
SPY240531C00482000,SPY,2024-05-31,482.00,call,26.92,36.77,36.67,10,36.86,10,0,45,2024-05-06,0.16800,0.95356,0.00428,-0.11072,0.13142,0.31220
SPY240531C00483000,SPY,2024-05-31,483.00,call,33.89,35.80,35.70,10,35.89,10,1,59,2024-05-06,0.16617,0.95061,0.00455,-0.11237,0.13808,0.31182
SPY240531C00484000,SPY,2024-05-31,484.00,call,32.57,34.83,34.73,153,34.92,10,2,140,2024-05-06,0.16404,0.94776,0.00482,-0.11377,0.14438,0.31148
SPY240531C00485000,SPY,2024-05-31,485.00,call,33.03,33.87,33.77,10,33.96,10,21,4452,2024-05-06,0.16251,0.94406,0.00513,-0.11581,0.15241,0.31083
SPY240531C00486000,SPY,2024-05-31,486.00,call,31.57,32.91,32.81,10,33.00,10,10,490,2024-05-06,0.16083,0.94027,0.00546,-0.11774,0.16048,0.31014
SPY240531C00487000,SPY,2024-05-31,487.00,call,29.44,31.95,31.86,10,32.04,10,1,147,2024-05-06,0.15901,0.93638,0.00580,-0.11958,0.16859,0.30942
SPY240531C00488000,SPY,2024-05-31,488.00,call,29.06,30.99,30.90,10,31.08,10,8,306,2024-05-06,0.15702,0.93239,0.00616,-0.12130,0.17671,0.30867
SPY240531C00489000,SPY,2024-05-31,489.00,call,29.07,30.04,29.95,153,30.13,10,4,239,2024-05-06,0.15550,0.92755,0.00656,-0.12354,0.18637,0.30761
SPY240531C00490000,SPY,2024-05-31,490.00,call,28.00,29.10,29.01,10,29.19,10,38,1158,2024-05-06,0.15413,0.92216,0.00699,-0.12599,0.19685,0.30634
SPY240531C00491000,SPY,2024-05-31,491.00,call,26.84,28.16,28.07,10,28.24,10,13,2480,2024-05-06,0.15276,0.91639,0.00744,-0.12850,0.20779,0.30494
SPY240531C00492000,SPY,2024-05-31,492.00,call,24.80,27.22,27.13,50,27.31,50,10,344,2024-05-06,0.15093,0.91084,0.00790,-0.13054,0.21802,0.30362
SPY240531C00493000,SPY,2024-05-31,493.00,call,25.32,26.29,26.20,328,26.37,50,5,304,2024-05-06,0.14955,0.90423,0.00841,-0.13312,0.22986,0.30192
SPY240531C00494000,SPY,2024-05-31,494.00,call,21.45,25.37,25.28,50,25.45,50,0,574,2024-05-06,0.14834,0.89693,0.00895,-0.13591,0.24254,0.29997
SPY240531C00495000,SPY,2024-05-31,495.00,call,24.45,24.44,24.36,50,24.52,50,122,2155,2024-05-06,0.14635,0.89029,0.00949,-0.13786,0.25374,0.29826
SPY240531C00496000,SPY,2024-05-31,496.00,call,22.68,23.53,23.45,50,23.61,50,10,904,2024-05-06,0.14513,0.88197,0.01008,-0.14068,0.26729,0.29594
SPY240531C00497000,SPY,2024-05-31,497.00,call,22.00,22.62,22.54,321,22.70,50,29,681,2024-05-06,0.14346,0.87383,0.01068,-0.14298,0.28012,0.29368
SPY240531C00498000,SPY,2024-05-31,498.00,call,20.89,21.72,21.64,328,21.80,50,2,624,2024-05-06,0.14209,0.86462,0.01132,-0.14562,0.29409,0.29104
SPY240531C00499000,SPY,2024-05-31,499.00,call,20.22,20.82,20.75,325,20.90,50,19,972,2024-05-06,0.14041,0.85530,0.01199,-0.14789,0.30771,0.28836
SPY240531C00500000,SPY,2024-05-31,500.00,call,19.95,19.94,19.88,50,20.00,50,178,3060,2024-05-06,0.13904,0.84483,0.01269,-0.15046,0.32238,0.28526
SPY240531C00501000,SPY,2024-05-31,501.00,call,19.06,19.08,19.01,50,19.15,50,5,1254,2024-05-06,0.13797,0.83316,0.01340,-0.15333,0.33800,0.28172
SPY240531C00502000,SPY,2024-05-31,502.00,call,18.20,18.21,18.15,50,18.28,50,937,1443,2024-05-06,0.13645,0.82155,0.01415,-0.15559,0.35282,0.27820
SPY240531C00503000,SPY,2024-05-31,503.00,call,16.27,17.37,17.30,50,17.43,50,10,735,2024-05-06,0.13538,0.80843,0.01490,-0.15828,0.36873,0.27414
SPY240531C00504000,SPY,2024-05-31,504.00,call,15.65,16.53,16.47,50,16.59,50,14,1727,2024-05-06,0.13401,0.79504,0.01568,-0.16049,0.38407,0.26998
SPY240531C00505000,SPY,2024-05-31,505.00,call,15.65,15.71,15.65,50,15.77,50,88,3792,2024-05-06,0.13294,0.78036,0.01646,-0.16290,0.39992,0.26534
SPY240531C00506000,SPY,2024-05-31,506.00,call,14.87,14.89,14.84,50,14.95,50,49,1140,2024-05-06,0.13141,0.76561,0.01727,-0.16461,0.41485,0.26068
SPY240531C00507000,SPY,2024-05-31,507.00,call,13.07,14.11,14.05,50,14.16,50,44,1488,2024-05-06,0.13050,0.74905,0.01805,-0.16680,0.43048,0.25536
SPY240531C00508000,SPY,2024-05-31,508.00,call,13.44,13.32,13.27,50,13.37,50,633,2501,2024-05-06,0.12913,0.73236,0.01886,-0.16823,0.44504,0.24999
SPY240531C00509000,SPY,2024-05-31,509.00,call,12.56,12.56,12.52,50,12.61,102,218,2933,2024-05-06,0.12806,0.71436,0.01963,-0.16973,0.45947,0.24415
SPY240531C00510000,SPY,2024-05-31,510.00,call,11.80,11.82,11.78,50,11.86,102,758,9966,2024-05-06,0.12699,0.69553,0.02039,-0.17092,0.47318,0.23799
SPY240531C00511000,SPY,2024-05-31,511.00,call,10.61,11.10,11.06,50,11.13,50,420,1674,2024-05-06,0.12593,0.67588,0.02112,-0.17177,0.48604,0.23153
SPY240531C00512000,SPY,2024-05-31,512.00,call,10.30,10.38,10.35,67,10.41,68,499,1899,2024-05-06,0.12456,0.65575,0.02186,-0.17193,0.49770,0.22490
SPY240531C00513000,SPY,2024-05-31,513.00,call,9.81,9.71,9.68,50,9.73,132,1394,2307,2024-05-06,0.12379,0.63418,0.02248,-0.17233,0.50854,0.21773
SPY240531C00514000,SPY,2024-05-31,514.00,call,9.03,9.04,9.02,50,9.07,142,1064,3500,2024-05-06,0.12257,0.61230,0.02311,-0.17181,0.51783,0.21045
SPY240531C00515000,SPY,2024-05-31,515.00,call,8.34,8.41,8.39,100,8.42,102,1703,4401,2024-05-06,0.12166,0.58947,0.02364,-0.17115,0.52572,0.20281
SPY240531C00516000,SPY,2024-05-31,516.00,call,7.88,7.79,7.77,109,7.81,158,1012,2971,2024-05-06,0.12059,0.56609,0.02413,-0.16986,0.53192,0.19496
SPY240531C00517000,SPY,2024-05-31,517.00,call,7.18,7.20,7.18,109,7.22,179,551,2067,2024-05-06,0.11968,0.54207,0.02452,-0.16821,0.53634,0.18686
SPY240531C00518000,SPY,2024-05-31,518.00,call,6.72,6.64,6.62,109,6.66,187,444,2498,2024-05-06,0.11892,0.51756,0.02479,-0.16622,0.53882,0.17857
SPY240531C00519000,SPY,2024-05-31,519.00,call,6.06,6.10,6.08,120,6.12,199,563,4449,2024-05-06,0.11800,0.49269,0.02500,-0.16354,0.53925,0.17014
SPY240531C00520000,SPY,2024-05-31,520.00,call,5.53,5.60,5.58,109,5.61,154,1755,8421,2024-05-06,0.11739,0.46763,0.02505,-0.16067,0.53756,0.16162
SPY240531C00521000,SPY,2024-05-31,521.00,call,5.20,5.11,5.09,151,5.13,238,890,5514,2024-05-06,0.11648,0.44231,0.02507,-0.15694,0.53369,0.15299
SPY240531C00522000,SPY,2024-05-31,522.00,call,4.63,4.65,4.64,109,4.67,172,311,5018,2024-05-06,0.11556,0.41687,0.02498,-0.15270,0.52759,0.14431
SPY240531C00523000,SPY,2024-05-31,523.00,call,4.30,4.22,4.21,160,4.24,217,203,4066,2024-05-06,0.11480,0.39158,0.02475,-0.14815,0.51930,0.13566
SPY240531C00524000,SPY,2024-05-31,524.00,call,3.82,3.83,3.81,118,3.84,267,187,4066,2024-05-06,0.11434,0.36683,0.02436,-0.14351,0.50900,0.12717
SPY240531C00525000,SPY,2024-05-31,525.00,call,3.40,3.45,3.43,165,3.46,217,13804,12663,2024-05-06,0.11373,0.34226,0.02389,-0.13827,0.49661,0.11873
SPY240531C00526000,SPY,2024-05-31,526.00,call,3.09,3.09,3.08,178,3.10,1,968,4409,2024-05-06,0.11282,0.31765,0.02337,-0.13226,0.48196,0.11027
SPY240531C00527000,SPY,2024-05-31,527.00,call,2.74,2.77,2.76,126,2.78,102,369,1761,2024-05-06,0.11221,0.29401,0.02271,-0.12629,0.46574,0.10213
SPY240531C00528000,SPY,2024-05-31,528.00,call,2.45,2.47,2.46,126,2.48,320,739,4299,2024-05-06,0.11160,0.27102,0.02196,-0.12004,0.44785,0.09420
SPY240531C00529000,SPY,2024-05-31,529.00,call,2.20,2.19,2.18,134,2.20,334,372,2290,2024-05-06,0.11099,0.24876,0.02112,-0.11356,0.42848,0.08652
SPY240531C00530000,SPY,2024-05-31,530.00,call,1.90,1.93,1.92,189,1.94,90,1556,7095,2024-05-06,0.11023,0.22701,0.02023,-0.10668,0.40750,0.07899
SPY240531C00531000,SPY,2024-05-31,531.00,call,1.74,1.70,1.69,245,1.71,289,1404,971,2024-05-06,0.10962,0.20646,0.01925,-0.09989,0.38573,0.07188
SPY240531C00532000,SPY,2024-05-31,532.00,call,1.50,1.49,1.48,214,1.50,474,431,2556,2024-05-06,0.10901,0.18688,0.01823,-0.09305,0.36313,0.06510
SPY240531C00533000,SPY,2024-05-31,533.00,call,1.34,1.30,1.29,238,1.31,445,884,2029,2024-05-06,0.10840,0.16832,0.01716,-0.08620,0.33993,0.05866
SPY240531C00534000,SPY,2024-05-31,534.00,call,1.10,1.12,1.12,237,1.13,40,386,1167,2024-05-06,0.10763,0.15048,0.01606,-0.07919,0.31589,0.05247
SPY240531C00535000,SPY,2024-05-31,535.00,call,1.00,0.97,0.97,251,0.98,50,897,5264,2024-05-06,0.10718,0.13445,0.01494,-0.07274,0.29270,0.04690
SPY240531C00536000,SPY,2024-05-31,536.00,call,0.84,0.84,0.84,176,0.85,253,247,1012,2024-05-06,0.10687,0.11988,0.01384,-0.06668,0.27024,0.04184
SPY240531C00537000,SPY,2024-05-31,537.00,call,0.75,0.72,0.72,197,0.73,306,245,4260,2024-05-06,0.10626,0.10573,0.01272,-0.06038,0.24707,0.03692
SPY240531C00538000,SPY,2024-05-31,538.00,call,0.63,0.62,0.62,278,0.63,906,196,4172,2024-05-06,0.10611,0.09369,0.01166,-0.05498,0.22617,0.03272
SPY240531C00539000,SPY,2024-05-31,539.00,call,0.48,0.54,0.53,293,0.54,908,371,670,2024-05-06,0.10626,0.08330,0.01067,-0.05024,0.20721,0.02910
SPY240531C00540000,SPY,2024-05-31,540.00,call,0.45,0.46,0.45,298,0.46,622,295,4980,2024-05-06,0.10596,0.07296,0.00968,-0.04514,0.18738,0.02550
SPY240531C00541000,SPY,2024-05-31,541.00,call,0.40,0.39,0.38,301,0.39,597,76,367,2024-05-06,0.10565,0.06359,0.00873,-0.04035,0.16852,0.02223
SPY240531C00542000,SPY,2024-05-31,542.00,call,0.28,0.34,0.33,303,0.34,2045,26,602,2024-05-06,0.10596,0.05621,0.00790,-0.03661,0.15299,0.01965
SPY240531C00543000,SPY,2024-05-31,543.00,call,0.26,0.29,0.28,304,0.29,1299,11,462,2024-05-06,0.10596,0.04907,0.00709,-0.03277,0.13737,0.01716
SPY240531C00544000,SPY,2024-05-31,544.00,call,0.22,0.24,0.24,309,0.25,2005,79,980,2024-05-06,0.10535,0.04178,0.00627,-0.02855,0.12070,0.01462
SPY240531C00545000,SPY,2024-05-31,545.00,call,0.22,0.21,0.21,298,0.22,3085,47,3262,2024-05-06,0.10596,0.03701,0.00565,-0.02594,0.10936,0.01295
SPY240531C00550000,SPY,2024-05-31,550.00,call,0.11,0.11,0.10,1143,0.11,2994,281,4980,2024-05-06,0.10946,0.02032,0.00332,-0.01604,0.06635,0.00712
SPY240531C00555000,SPY,2024-05-31,555.00,call,0.07,0.07,0.06,309,0.07,5722,81,4712,2024-05-06,0.11602,0.01294,0.00213,-0.01143,0.04509,0.00453
SPY240531C00560000,SPY,2024-05-31,560.00,call,0.04,0.04,0.04,309,0.05,6251,18,9754,2024-05-06,0.12044,0.00756,0.00128,-0.00736,0.02819,0.00265
SPY240531C00565000,SPY,2024-05-31,565.00,call,0.02,0.04,0.03,309,0.04,6386,2,1402,2024-05-06,0.13248,0.00691,0.00108,-0.00741,0.02604,0.00242
SPY240531C00570000,SPY,2024-05-31,570.00,call,0.02,0.03,0.02,1807,0.03,5600,4,7041,2024-05-06,0.13980,0.00505,0.00077,-0.00590,0.01974,0.00177
SPY240531C00575000,SPY,2024-05-31,575.00,call,0.02,0.03,0.02,309,0.03,6159,1,592,2024-05-06,0.15123,0.00472,0.00067,-0.00597,0.01858,0.00165
SPY240531C00580000,SPY,2024-05-31,580.00,call,0.01,0.03,0.02,177,0.03,7146,0,3857,2024-05-06,0.16236,0.00442,0.00059,-0.00601,0.01750,0.00154
SPY240531C00585000,SPY,2024-05-31,585.00,call,0.01,0.01,0.01,2345,0.02,5201,0,1991,2024-05-06,0.15611,0.00167,0.00025,-0.00239,0.00726,0.00058
SPY240531C00590000,SPY,2024-05-31,590.00,call,0.01,0.01,0.01,334,0.02,5587,4,1560,2024-05-06,0.16602,0.00157,0.00023,-0.00240,0.00689,0.00055
SPY240531C00595000,SPY,2024-05-31,595.00,call,0.01,0.01,0.00,0,0.01,2501,2977,1754,2024-05-06,0.17577,0.00149,0.00020,-0.00241,0.00655,0.00052
SPY240531C00600000,SPY,2024-05-31,600.00,call,0.02,0.01,0.00,0,0.01,3116,95,4251,2024-05-06,0.18553,0.00142,0.00019,-0.00244,0.00629,0.00050
SPY240607C00350000,SPY,2024-06-07,350.00,call,165.97,168.17,167.99,75,168.35,75,7,0,2024-05-06,0.15683,1.00000,0.00000,-0.05087,0.00000,0.30542
SPY240607C00355000,SPY,2024-06-07,355.00,call,0.00,163.20,163.02,75,163.38,75,0,0,2024-05-06,0.15212,1.00000,0.00000,-0.05160,0.00000,0.30978
SPY240607C00360000,SPY,2024-06-07,360.00,call,0.00,158.23,158.05,75,158.41,75,0,0,2024-05-06,0.14741,1.00000,0.00000,-0.05232,0.00000,0.31415
SPY240607C00365000,SPY,2024-06-07,365.00,call,0.00,153.26,153.08,75,153.44,75,0,0,2024-05-06,0.14271,1.00000,0.00000,-0.05305,0.00000,0.31851
SPY240607C00370000,SPY,2024-06-07,370.00,call,141.84,148.29,148.11,75,148.46,75,0,1,2024-05-06,0.13800,1.00000,0.00000,-0.05378,0.00000,0.32287
SPY240607C00375000,SPY,2024-06-07,375.00,call,131.31,143.32,143.15,75,143.49,75,0,5,2024-05-06,0.30733,0.99985,0.00001,-0.05492,0.00088,0.32717
SPY240607C00380000,SPY,2024-06-07,380.00,call,129.70,138.36,138.18,75,138.53,75,0,0,2024-05-06,0.35245,0.99881,0.00007,-0.05846,0.00602,0.33104
SPY240607C00385000,SPY,2024-06-07,385.00,call,0.00,133.38,133.21,75,133.56,75,0,0,2024-05-06,0.33309,0.99896,0.00007,-0.05867,0.00536,0.33547
SPY240607C00390000,SPY,2024-06-07,390.00,call,0.00,128.42,128.24,75,128.59,75,0,0,2024-05-06,0.34178,0.99797,0.00012,-0.06177,0.00981,0.33938
SPY240607C00395000,SPY,2024-06-07,395.00,call,117.59,123.45,123.28,75,123.62,75,0,1,2024-05-06,0.33385,0.99753,0.00015,-0.06334,0.01173,0.34354
SPY240607C00400000,SPY,2024-06-07,400.00,call,0.00,118.48,118.31,75,118.65,75,0,0,2024-05-06,0.32501,0.99706,0.00018,-0.06489,0.01375,0.34768
SPY240607C00405000,SPY,2024-06-07,405.00,call,111.38,113.51,113.34,75,113.68,75,2,0,2024-05-06,0.31525,0.99657,0.00021,-0.06638,0.01579,0.35181
SPY240607C00410000,SPY,2024-06-07,410.00,call,0.00,108.55,108.38,75,108.72,75,0,0,2024-05-06,0.31022,0.99550,0.00028,-0.06900,0.02012,0.35568
SPY240607C00415000,SPY,2024-06-07,415.00,call,0.00,103.58,103.41,75,103.75,75,0,0,2024-05-06,0.29879,0.99494,0.00032,-0.07036,0.02235,0.35978
SPY240607C00420000,SPY,2024-06-07,420.00,call,87.92,98.62,98.45,75,98.79,75,0,1,2024-05-06,0.29101,0.99377,0.00039,-0.07278,0.02687,0.36360
SPY240607C00425000,SPY,2024-06-07,425.00,call,0.00,93.66,93.49,75,93.82,75,0,0,2024-05-06,0.28202,0.99254,0.00048,-0.07508,0.03152,0.36739
SPY240607C00430000,SPY,2024-06-07,430.00,call,86.50,88.69,88.53,75,88.86,75,3,3,2024-05-06,0.26937,0.99176,0.00055,-0.07634,0.03440,0.37140
SPY240607C00435000,SPY,2024-06-07,435.00,call,71.52,83.73,83.57,75,83.90,75,0,5,2024-05-06,0.25900,0.99037,0.00065,-0.07845,0.03946,0.37511
SPY240607C00440000,SPY,2024-06-07,440.00,call,67.10,78.78,78.61,75,78.94,75,0,39,2024-05-06,0.25031,0.98824,0.00080,-0.08141,0.04696,0.37849
SPY240607C00445000,SPY,2024-06-07,445.00,call,68.64,73.81,73.65,75,73.98,75,0,1,2024-05-06,0.23660,0.98715,0.00092,-0.08243,0.05070,0.38235
SPY240607C00450000,SPY,2024-06-07,450.00,call,53.82,68.87,68.70,75,69.03,75,0,15,2024-05-06,0.22791,0.98412,0.00114,-0.08584,0.06083,0.38531
SPY240607C00455000,SPY,2024-06-07,455.00,call,55.73,63.92,63.76,75,64.09,75,0,13,2024-05-06,0.21663,0.98140,0.00137,-0.08826,0.06963,0.38842
SPY240607C00460000,SPY,2024-06-07,460.00,call,56.72,59.00,58.90,50,59.10,50,3,15,2024-05-06,0.20824,0.97658,0.00174,-0.09259,0.08464,0.39055
SPY240607C00465000,SPY,2024-06-07,465.00,call,46.78,54.08,53.98,50,54.18,50,0,32,2024-05-06,0.19833,0.97128,0.00216,-0.09648,0.10039,0.39246
SPY240607C00470000,SPY,2024-06-07,470.00,call,48.28,49.18,49.08,50,49.28,50,10,109,2024-05-06,0.18873,0.96425,0.00272,-0.10102,0.12027,0.39357
SPY240607C00475000,SPY,2024-06-07,475.00,call,44.18,44.30,44.21,50,44.40,50,4,11,2024-05-06,0.17913,0.95510,0.00345,-0.10608,0.14473,0.39371
SPY240607C00476000,SPY,2024-06-07,476.00,call,30.26,43.34,43.24,50,43.43,50,0,18,2024-05-06,0.17806,0.95218,0.00365,-0.10785,0.15222,0.39323
SPY240607C00477000,SPY,2024-06-07,477.00,call,36.35,42.37,42.27,50,42.46,50,0,50,2024-05-06,0.17623,0.94980,0.00384,-0.10904,0.15825,0.39300
SPY240607C00478000,SPY,2024-06-07,478.00,call,35.50,41.40,41.30,50,41.50,50,0,50,2024-05-06,0.17425,0.94743,0.00403,-0.11012,0.16417,0.39278
SPY240607C00479000,SPY,2024-06-07,479.00,call,35.75,40.44,40.34,50,40.53,50,0,13,2024-05-06,0.17272,0.94447,0.00424,-0.11161,0.17145,0.39228
SPY240607C00480000,SPY,2024-06-07,480.00,call,37.83,39.48,39.38,50,39.57,50,1,85,2024-05-06,0.17120,0.94133,0.00447,-0.11314,0.17904,0.39170
SPY240607C00481000,SPY,2024-06-07,481.00,call,33.79,38.52,38.42,50,38.61,50,0,5,2024-05-06,0.16952,0.93816,0.00470,-0.11456,0.18655,0.39111
SPY240607C00482000,SPY,2024-06-07,482.00,call,23.82,37.55,37.46,50,37.65,50,0,84,2024-05-06,0.16724,0.93549,0.00493,-0.11547,0.19281,0.39075
SPY240607C00483000,SPY,2024-06-07,483.00,call,34.72,36.60,36.51,50,36.69,50,1,64,2024-05-06,0.16587,0.93161,0.00520,-0.11721,0.20171,0.38982
SPY240607C00484000,SPY,2024-06-07,484.00,call,22.73,35.64,35.55,153,35.74,50,0,4,2024-05-06,0.16388,0.92822,0.00546,-0.11843,0.20936,0.38913
SPY240607C00485000,SPY,2024-06-07,485.00,call,33.79,34.70,34.61,50,34.79,50,2,63,2024-05-06,0.16266,0.92370,0.00576,-0.12036,0.21936,0.38791
SPY240607C00486000,SPY,2024-06-07,486.00,call,28.42,33.75,33.66,50,33.85,50,0,34,2024-05-06,0.16083,0.91968,0.00606,-0.12176,0.22808,0.38692
SPY240607C00487000,SPY,2024-06-07,487.00,call,26.99,32.81,32.72,50,32.90,50,0,74,2024-05-06,0.15931,0.91501,0.00639,-0.12347,0.23798,0.38563
SPY240607C00488000,SPY,2024-06-07,488.00,call,19.53,31.87,31.78,50,31.96,50,0,135,2024-05-06,0.15779,0.91007,0.00672,-0.12520,0.24824,0.38421
SPY240607C00489000,SPY,2024-06-07,489.00,call,19.13,30.94,30.85,50,31.03,50,0,6,2024-05-06,0.15641,0.90462,0.00709,-0.12709,0.25928,0.38256
SPY240607C00490000,SPY,2024-06-07,490.00,call,29.12,30.01,29.92,50,30.10,50,1,72,2024-05-06,0.15489,0.89906,0.00746,-0.12885,0.27026,0.38086
SPY240607C00491000,SPY,2024-06-07,491.00,call,18.47,29.09,29.00,50,29.17,50,0,48,2024-05-06,0.15352,0.89295,0.00785,-0.13076,0.28204,0.37890
SPY240607C00492000,SPY,2024-06-07,492.00,call,27.10,28.16,28.08,50,28.25,50,4,25,2024-05-06,0.15169,0.88715,0.00825,-0.13223,0.29292,0.37709
SPY240607C00492500,SPY,2024-06-07,492.50,call,18.60,27.70,27.62,100,27.79,100,0,9,2024-05-06,0.15093,0.88389,0.00847,-0.13312,0.29892,0.37601
SPY240607C00493000,SPY,2024-06-07,493.00,call,16.41,27.24,27.16,100,27.33,100,0,52,2024-05-06,0.15001,0.88077,0.00868,-0.13385,0.30458,0.37500
SPY240607C00494000,SPY,2024-06-07,494.00,call,21.00,26.34,26.26,100,26.42,100,0,7,2024-05-06,0.14894,0.87307,0.00913,-0.13608,0.31824,0.37230
SPY240607C00495000,SPY,2024-06-07,495.00,call,24.70,25.44,25.36,100,25.52,100,10,34,2024-05-06,0.14757,0.86541,0.00960,-0.13798,0.33140,0.36962
SPY240607C00496000,SPY,2024-06-07,496.00,call,24.28,24.55,24.46,193,24.63,100,5,35,2024-05-06,0.14620,0.85730,0.01008,-0.13987,0.34487,0.36674
SPY240607C00497000,SPY,2024-06-07,497.00,call,21.75,23.66,23.58,100,23.73,100,4,74,2024-05-06,0.14483,0.84873,0.01058,-0.14172,0.35862,0.36363
SPY240607C00497500,SPY,2024-06-07,497.50,call,13.10,23.21,23.14,100,23.29,100,0,1,2024-05-06,0.14391,0.84464,0.01084,-0.14241,0.36503,0.36217
SPY240607C00498000,SPY,2024-06-07,498.00,call,22.11,22.77,22.70,100,22.85,100,16,33,2024-05-06,0.14315,0.84017,0.01110,-0.14323,0.37189,0.36054
SPY240607C00499000,SPY,2024-06-07,499.00,call,16.66,21.91,21.83,100,21.98,100,0,81,2024-05-06,0.14209,0.83012,0.01164,-0.14531,0.38687,0.35674
SPY240607C00500000,SPY,2024-06-07,500.00,call,20.19,21.04,20.97,100,21.11,100,12,385,2024-05-06,0.14056,0.82028,0.01219,-0.14686,0.40095,0.35305
SPY240607C00501000,SPY,2024-06-07,501.00,call,20.10,20.19,20.12,100,20.26,100,7,524,2024-05-06,0.13934,0.80940,0.01276,-0.14865,0.41587,0.34886
SPY240607C00502000,SPY,2024-06-07,502.00,call,18.20,19.35,19.28,100,19.42,100,24,123,2024-05-06,0.13812,0.79794,0.01333,-0.15035,0.43085,0.34441
SPY240607C00502500,SPY,2024-06-07,502.50,call,18.00,18.93,18.86,100,19.00,100,2,141,2024-05-06,0.13751,0.79199,0.01363,-0.15116,0.43834,0.34208
SPY240607C00503000,SPY,2024-06-07,503.00,call,17.72,18.52,18.45,100,18.58,100,36,100,2024-05-06,0.13690,0.78590,0.01392,-0.15195,0.44583,0.33968
SPY240607C00504000,SPY,2024-06-07,504.00,call,17.12,17.70,17.63,110,17.76,100,9,284,2024-05-06,0.13568,0.77325,0.01451,-0.15342,0.46074,0.33467
SPY240607C00505000,SPY,2024-06-07,505.00,call,15.97,16.89,16.83,100,16.95,100,32,379,2024-05-06,0.13446,0.75998,0.01512,-0.15477,0.47551,0.32937
SPY240607C00506000,SPY,2024-06-07,506.00,call,16.00,16.09,16.04,118,16.15,100,31,547,2024-05-06,0.13309,0.74630,0.01573,-0.15581,0.48983,0.32389
SPY240607C00507000,SPY,2024-06-07,507.00,call,15.23,15.31,15.26,110,15.37,100,39,388,2024-05-06,0.13202,0.73153,0.01633,-0.15698,0.50429,0.31787
SPY240607C00507500,SPY,2024-06-07,507.50,call,14.79,14.93,14.87,100,14.98,100,10,655,2024-05-06,0.13157,0.72379,0.01662,-0.15756,0.51146,0.31470
SPY240607C00508000,SPY,2024-06-07,508.00,call,14.46,14.54,14.49,110,14.60,100,16,739,2024-05-06,0.13080,0.71633,0.01693,-0.15781,0.51812,0.31166
SPY240607C00509000,SPY,2024-06-07,509.00,call,13.80,13.79,13.75,100,13.84,100,35,935,2024-05-06,0.12974,0.70026,0.01751,-0.15857,0.53160,0.30504
SPY240607C00510000,SPY,2024-06-07,510.00,call,12.98,13.06,13.02,100,13.10,100,301,1304,2024-05-06,0.12867,0.68356,0.01809,-0.15911,0.54440,0.29812
SPY240607C00511000,SPY,2024-06-07,511.00,call,11.44,12.34,12.30,100,12.38,100,158,608,2024-05-06,0.12745,0.66639,0.01866,-0.15925,0.55632,0.29098
SPY240607C00512000,SPY,2024-06-07,512.00,call,11.17,11.64,11.61,100,11.67,71,71,566,2024-05-06,0.12654,0.64826,0.01917,-0.15941,0.56755,0.28338
SPY240607C00512500,SPY,2024-06-07,512.50,call,11.16,11.29,11.26,101,11.33,101,26,314,2024-05-06,0.12577,0.63927,0.01946,-0.15911,0.57262,0.27962
SPY240607C00513000,SPY,2024-06-07,513.00,call,11.06,10.96,10.93,116,10.99,234,127,228,2024-05-06,0.12547,0.62969,0.01968,-0.15915,0.57766,0.27557
SPY240607C00514000,SPY,2024-06-07,514.00,call,10.42,10.30,10.27,101,10.33,208,653,307,2024-05-06,0.12456,0.61041,0.02013,-0.15872,0.58667,0.26741
SPY240607C00515000,SPY,2024-06-07,515.00,call,9.60,9.66,9.64,139,9.68,137,1272,698,2024-05-06,0.12349,0.59069,0.02057,-0.15783,0.59436,0.25905
SPY240607C00516000,SPY,2024-06-07,516.00,call,9.09,9.04,9.02,139,9.06,137,200,398,2024-05-06,0.12257,0.57037,0.02095,-0.15675,0.60068,0.25039
SPY240607C00517000,SPY,2024-06-07,517.00,call,8.44,8.45,8.42,160,8.47,305,190,208,2024-05-06,0.12181,0.54955,0.02125,-0.15546,0.60548,0.24147
SPY240607C00517500,SPY,2024-06-07,517.50,call,7.58,8.16,8.13,119,8.18,279,201,294,2024-05-06,0.12135,0.53902,0.02139,-0.15462,0.60727,0.23696
SPY240607C00518000,SPY,2024-06-07,518.00,call,7.87,7.87,7.85,109,7.89,217,218,1285,2024-05-06,0.12090,0.52839,0.02152,-0.15368,0.60865,0.23239
SPY240607C00519000,SPY,2024-06-07,519.00,call,7.39,7.31,7.29,243,7.34,287,256,628,2024-05-06,0.11983,0.50685,0.02176,-0.15140,0.61010,0.22314
SPY240607C00520000,SPY,2024-06-07,520.00,call,6.75,6.79,6.77,109,6.80,30,413,669,2024-05-06,0.11922,0.48506,0.02186,-0.14919,0.60977,0.21372
SPY240607C00521000,SPY,2024-06-07,521.00,call,6.34,6.28,6.26,242,6.30,99,172,615,2024-05-06,0.11831,0.46301,0.02195,-0.14632,0.60757,0.20419
SPY240607C00522000,SPY,2024-06-07,522.00,call,5.74,5.80,5.78,160,5.82,172,130,239,2024-05-06,0.11770,0.44096,0.02192,-0.14340,0.60350,0.19461
SPY240607C00523000,SPY,2024-06-07,523.00,call,5.33,5.35,5.33,133,5.36,30,166,333,2024-05-06,0.11709,0.41890,0.02181,-0.14014,0.59754,0.18502
SPY240607C00524000,SPY,2024-06-07,524.00,call,4.89,4.91,4.89,258,4.93,228,240,417,2024-05-06,0.11632,0.39676,0.02167,-0.13638,0.58965,0.17538
SPY240607C00525000,SPY,2024-06-07,525.00,call,4.55,4.50,4.49,142,4.52,231,480,967,2024-05-06,0.11556,0.37471,0.02145,-0.13231,0.57985,0.16576
SPY240607C00530000,SPY,2024-06-07,530.00,call,2.78,2.79,2.78,203,2.80,40,1523,1019,2024-05-06,0.11251,0.26977,0.01921,-0.10881,0.50552,0.11973
SPY240607C00535000,SPY,2024-06-07,535.00,call,1.59,1.60,1.59,150,1.60,1,1937,1492,2024-05-06,0.10962,0.17882,0.01559,-0.08171,0.39969,0.07958
SPY240607C00540000,SPY,2024-06-07,540.00,call,0.86,0.85,0.85,269,0.86,173,1089,1281,2024-05-06,0.10733,0.10881,0.01137,-0.05594,0.28537,0.04853
SPY240607C00545000,SPY,2024-06-07,545.00,call,0.43,0.43,0.43,299,0.44,1030,632,1193,2024-05-06,0.10626,0.06196,0.00752,-0.03563,0.18684,0.02768
SPY240607C00550000,SPY,2024-06-07,550.00,call,0.23,0.23,0.22,308,0.23,2050,314,1208,2024-05-06,0.10763,0.03553,0.00475,-0.02277,0.11966,0.01589
SPY240607C00555000,SPY,2024-06-07,555.00,call,0.12,0.12,0.12,309,0.13,2220,727,531,2024-05-06,0.10931,0.01987,0.00288,-0.01406,0.07364,0.00889
SPY240607C00560000,SPY,2024-06-07,560.00,call,0.08,0.08,0.07,3492,0.08,2920,36,431,2024-05-06,0.11480,0.01319,0.00193,-0.01029,0.05186,0.00591
SPY240607C00565000,SPY,2024-06-07,565.00,call,0.06,0.06,0.05,309,0.06,5739,95,167,2024-05-06,0.12166,0.00964,0.00139,-0.00822,0.03948,0.00431
SPY240607C00570000,SPY,2024-06-07,570.00,call,0.04,0.04,0.04,309,0.05,6825,100,119,2024-05-06,0.12638,0.00645,0.00094,-0.00595,0.02772,0.00289
SPY240607C00575000,SPY,2024-06-07,575.00,call,0.04,0.04,0.03,309,0.04,6591,14,4,2024-05-06,0.13675,0.00602,0.00082,-0.00602,0.02609,0.00269
SPY240607C00580000,SPY,2024-06-07,580.00,call,0.03,0.03,0.02,1129,0.03,5453,2,49,2024-05-06,0.14239,0.00446,0.00060,-0.00478,0.01997,0.00199
SPY240607C00585000,SPY,2024-06-07,585.00,call,0.02,0.03,0.02,309,0.03,7008,0,20,2024-05-06,0.15215,0.00420,0.00053,-0.00482,0.01895,0.00188
SPY240607C00590000,SPY,2024-06-07,590.00,call,0.04,0.03,0.02,177,0.03,7594,0,2,2024-05-06,0.16175,0.00398,0.00048,-0.00486,0.01804,0.00178
SPY240607C00595000,SPY,2024-06-07,595.00,call,0.00,0.01,0.01,3824,0.02,5463,0,0,2024-05-06,0.15443,0.00151,0.00021,-0.00192,0.00750,0.00067
SPY240607C00600000,SPY,2024-06-07,600.00,call,0.01,0.01,0.01,213,0.02,6044,0,29,2024-05-06,0.16297,0.00143,0.00019,-0.00193,0.00716,0.00064
SPY240614C00350000,SPY,2024-06-14,350.00,call,166.58,168.57,168.39,75,168.76,75,2,0,2024-05-06,0.38507,0.99931,0.00004,-0.05275,0.00401,0.37146
SPY240614C00355000,SPY,2024-06-14,355.00,call,0.00,163.61,163.43,75,163.79,75,0,0,2024-05-06,0.39345,0.99876,0.00006,-0.05495,0.00694,0.37645
SPY240614C00360000,SPY,2024-06-14,360.00,call,0.00,158.65,158.47,75,158.83,75,0,0,2024-05-06,0.39376,0.99822,0.00009,-0.05700,0.00965,0.38145
SPY240614C00365000,SPY,2024-06-14,365.00,call,0.00,153.69,153.51,75,153.87,75,0,0,2024-05-06,0.39055,0.99767,0.00011,-0.05898,0.01232,0.38645
SPY240614C00370000,SPY,2024-06-14,370.00,call,0.00,148.73,148.55,75,148.90,75,0,0,2024-05-06,0.38507,0.99710,0.00014,-0.06088,0.01496,0.39144
SPY240614C00375000,SPY,2024-06-14,375.00,call,0.00,143.76,143.59,75,143.94,75,0,0,2024-05-06,0.37211,0.99694,0.00015,-0.06172,0.01575,0.39665
SPY240614C00380000,SPY,2024-06-14,380.00,call,0.00,138.81,138.63,75,138.98,75,0,0,2024-05-06,0.37013,0.99592,0.00019,-0.06452,0.02036,0.40138
SPY240614C00385000,SPY,2024-06-14,385.00,call,0.00,133.84,133.67,75,134.02,75,0,0,2024-05-06,0.35687,0.99570,0.00021,-0.06534,0.02136,0.40657
SPY240614C00390000,SPY,2024-06-14,390.00,call,0.00,128.88,128.71,75,129.06,75,0,0,2024-05-06,0.34787,0.99504,0.00024,-0.06705,0.02424,0.41151
SPY240614C00395000,SPY,2024-06-14,395.00,call,0.00,123.92,123.75,75,124.09,75,0,0,2024-05-06,0.33827,0.99435,0.00028,-0.06871,0.02721,0.41643
SPY240614C00400000,SPY,2024-06-14,400.00,call,0.00,118.97,118.79,75,119.14,75,0,0,2024-05-06,0.33156,0.99318,0.00034,-0.07122,0.03217,0.42107
SPY240614C00405000,SPY,2024-06-14,405.00,call,0.00,114.00,113.83,75,114.18,75,0,0,2024-05-06,0.31784,0.99283,0.00037,-0.07194,0.03360,0.42619
SPY240614C00410000,SPY,2024-06-14,410.00,call,0.00,109.05,108.88,75,109.22,75,0,0,2024-05-06,0.30976,0.99155,0.00044,-0.07430,0.03885,0.43077
SPY240614C00415000,SPY,2024-06-14,415.00,call,0.00,104.09,103.92,75,104.26,75,0,0,2024-05-06,0.29833,0.99067,0.00050,-0.07573,0.04236,0.43558
SPY240614C00420000,SPY,2024-06-14,420.00,call,0.00,99.14,98.97,75,99.31,75,0,0,2024-05-06,0.28903,0.98922,0.00058,-0.07795,0.04805,0.44007
SPY240614C00425000,SPY,2024-06-14,425.00,call,0.00,94.19,94.02,75,94.35,75,0,0,2024-05-06,0.27897,0.98770,0.00068,-0.08002,0.05386,0.44452
SPY240614C00430000,SPY,2024-06-14,430.00,call,88.33,89.23,89.07,75,89.40,75,7,3,2024-05-06,0.26662,0.98657,0.00076,-0.08126,0.05814,0.44920
SPY240614C00435000,SPY,2024-06-14,435.00,call,0.00,84.29,84.12,75,84.46,75,0,0,2024-05-06,0.25733,0.98434,0.00090,-0.08383,0.06635,0.45325
SPY240614C00440000,SPY,2024-06-14,440.00,call,73.61,79.34,79.18,75,79.51,75,0,1,2024-05-06,0.24605,0.98239,0.00105,-0.08566,0.07336,0.45746
SPY240614C00445000,SPY,2024-06-14,445.00,call,68.69,74.41,74.24,75,74.58,75,0,1,2024-05-06,0.23675,0.97930,0.00125,-0.08856,0.08419,0.46102
SPY240614C00450000,SPY,2024-06-14,450.00,call,67.51,69.48,69.32,75,69.65,75,1,1,2024-05-06,0.22653,0.97598,0.00148,-0.09119,0.09542,0.46446
SPY240614C00455000,SPY,2024-06-14,455.00,call,58.72,64.56,64.40,75,64.73,75,0,3,2024-05-06,0.21663,0.97181,0.00177,-0.09418,0.10909,0.46741
SPY240614C00460000,SPY,2024-06-14,460.00,call,59.14,59.66,59.49,153,59.82,153,4,1,2024-05-06,0.20748,0.96623,0.00214,-0.09788,0.12670,0.46957
SPY240614C00465000,SPY,2024-06-14,465.00,call,48.88,54.78,54.68,153,54.89,50,0,1,2024-05-06,0.19864,0.95907,0.00262,-0.10210,0.14826,0.47083
SPY240614C00470000,SPY,2024-06-14,470.00,call,44.64,49.93,49.83,50,50.03,50,0,1,2024-05-06,0.19025,0.94969,0.00323,-0.10704,0.17501,0.47083
SPY240614C00475000,SPY,2024-06-14,475.00,call,38.74,45.11,45.01,50,45.20,50,0,3,2024-05-06,0.18172,0.93797,0.00398,-0.11226,0.20644,0.46951
SPY240614C00476000,SPY,2024-06-14,476.00,call,0.00,44.14,44.05,153,44.24,50,0,0,2024-05-06,0.17943,0.93587,0.00414,-0.11289,0.21188,0.46939
SPY240614C00477000,SPY,2024-06-14,477.00,call,0.00,43.19,43.09,153,43.29,50,0,0,2024-05-06,0.17821,0.93254,0.00434,-0.11438,0.22036,0.46856
SPY240614C00478000,SPY,2024-06-14,478.00,call,37.58,42.23,42.14,153,42.33,50,0,10,2024-05-06,0.17623,0.92986,0.00452,-0.11528,0.22707,0.46812
SPY240614C00479000,SPY,2024-06-14,479.00,call,0.00,41.28,41.19,153,41.38,50,0,0,2024-05-06,0.17471,0.92654,0.00472,-0.11656,0.23526,0.46730
SPY240614C00480000,SPY,2024-06-14,480.00,call,29.86,40.34,40.24,153,40.43,50,0,5,2024-05-06,0.17349,0.92271,0.00494,-0.11811,0.24456,0.46619
SPY240614C00481000,SPY,2024-06-14,481.00,call,0.00,39.39,39.30,50,39.48,50,0,0,2024-05-06,0.17181,0.91922,0.00516,-0.11929,0.25288,0.46528
SPY240614C00482000,SPY,2024-06-14,482.00,call,0.00,38.45,38.35,153,38.54,50,0,0,2024-05-06,0.17044,0.91518,0.00540,-0.12074,0.26233,0.46405
SPY240614C00483000,SPY,2024-06-14,483.00,call,0.00,37.50,37.41,153,37.60,50,0,0,2024-05-06,0.16846,0.91169,0.00563,-0.12169,0.27037,0.46314
SPY240614C00484000,SPY,2024-06-14,484.00,call,0.00,36.57,36.48,50,36.66,50,0,0,2024-05-06,0.16724,0.90706,0.00589,-0.12329,0.28082,0.46158
SPY240614C00485000,SPY,2024-06-14,485.00,call,34.58,35.63,35.54,153,35.73,50,1,11,2024-05-06,0.16541,0.90298,0.00615,-0.12438,0.28985,0.46033
SPY240614C00486000,SPY,2024-06-14,486.00,call,30.09,34.71,34.62,50,34.80,50,0,40,2024-05-06,0.16434,0.89768,0.00643,-0.12613,0.30133,0.45839
SPY240614C00487000,SPY,2024-06-14,487.00,call,24.60,33.78,33.69,50,33.87,50,0,10,2024-05-06,0.16266,0.89294,0.00671,-0.12736,0.31138,0.45677
SPY240614C00488000,SPY,2024-06-14,488.00,call,31.82,32.86,32.77,50,32.95,50,266,266,2024-05-06,0.16129,0.88753,0.00701,-0.12886,0.32259,0.45476
SPY240614C00489000,SPY,2024-06-14,489.00,call,0.00,31.94,31.85,153,32.03,50,0,0,2024-05-06,0.15977,0.88207,0.00732,-0.13022,0.33365,0.45273
SPY240614C00490000,SPY,2024-06-14,490.00,call,21.35,31.03,30.94,153,31.12,50,0,5,2024-05-06,0.15840,0.87611,0.00765,-0.13170,0.34543,0.45041
SPY240614C00491000,SPY,2024-06-14,491.00,call,0.00,30.12,30.04,50,30.21,50,0,0,2024-05-06,0.15687,0.87007,0.00798,-0.13305,0.35707,0.44805
SPY240614C00492000,SPY,2024-06-14,492.00,call,27.03,29.23,29.14,50,29.31,50,49,0,2024-05-06,0.15580,0.86306,0.00833,-0.13479,0.37022,0.44513
SPY240614C00492500,SPY,2024-06-14,492.50,call,0.00,28.77,28.69,50,28.86,50,0,0,2024-05-06,0.15474,0.86021,0.00851,-0.13517,0.37545,0.44405
SPY240614C00493000,SPY,2024-06-14,493.00,call,0.00,28.32,28.24,100,28.41,100,0,0,2024-05-06,0.15398,0.85683,0.00869,-0.13582,0.38157,0.44267
SPY240614C00494000,SPY,2024-06-14,494.00,call,0.00,27.44,27.36,100,27.52,100,0,0,2024-05-06,0.15291,0.84914,0.00906,-0.13752,0.39520,0.43936
SPY240614C00495000,SPY,2024-06-14,495.00,call,25.86,26.55,26.47,125,26.64,100,23,1,2024-05-06,0.15138,0.84178,0.00945,-0.13878,0.40785,0.43625
SPY240614C00496000,SPY,2024-06-14,496.00,call,20.35,25.68,25.60,100,25.76,100,0,2,2024-05-06,0.15016,0.83358,0.00984,-0.14027,0.42148,0.43266
SPY240614C00497000,SPY,2024-06-14,497.00,call,20.29,24.80,24.73,100,24.88,100,0,1,2024-05-06,0.14864,0.82546,0.01025,-0.14145,0.43454,0.42911
SPY240614C00497500,SPY,2024-06-14,497.50,call,0.00,24.38,24.30,100,24.45,100,0,0,2024-05-06,0.14818,0.82079,0.01046,-0.14230,0.44186,0.42698
SPY240614C00498000,SPY,2024-06-14,498.00,call,22.98,23.95,23.87,100,24.02,100,264,264,2024-05-06,0.14757,0.81624,0.01067,-0.14299,0.44884,0.42493
SPY240614C00499000,SPY,2024-06-14,499.00,call,0.00,23.09,23.02,100,23.17,100,0,0,2024-05-06,0.14605,0.80731,0.01110,-0.14407,0.46218,0.42092
SPY240614C00500000,SPY,2024-06-14,500.00,call,21.12,22.25,22.18,100,22.32,100,102,23,2024-05-06,0.14483,0.79748,0.01153,-0.14535,0.47630,0.41640
SPY240614C00501000,SPY,2024-06-14,501.00,call,17.90,21.42,21.35,100,21.49,100,0,25,2024-05-06,0.14376,0.78697,0.01197,-0.14668,0.49074,0.41148
SPY240614C00502000,SPY,2024-06-14,502.00,call,18.90,20.59,20.52,100,20.66,100,1,17,2024-05-06,0.14239,0.77647,0.01243,-0.14767,0.50454,0.40657
SPY240614C00502500,SPY,2024-06-14,502.50,call,18.76,20.19,20.12,100,20.25,100,1,25,2024-05-06,0.14193,0.77071,0.01265,-0.14833,0.51184,0.40382
SPY240614C00503000,SPY,2024-06-14,503.00,call,19.87,19.77,19.71,100,19.84,100,40,71,2024-05-06,0.14102,0.76550,0.01289,-0.14856,0.51829,0.40140
SPY240614C00504000,SPY,2024-06-14,504.00,call,15.66,18.97,18.91,100,19.03,100,0,6,2024-05-06,0.13995,0.75360,0.01334,-0.14961,0.53245,0.39568
SPY240614C00505000,SPY,2024-06-14,505.00,call,17.47,18.18,18.12,100,18.24,100,11,28,2024-05-06,0.13873,0.74144,0.01381,-0.15041,0.54614,0.38982
SPY240614C00506000,SPY,2024-06-14,506.00,call,16.87,17.40,17.34,100,17.46,100,5,45,2024-05-06,0.13766,0.72857,0.01426,-0.15122,0.55979,0.38354
SPY240614C00507000,SPY,2024-06-14,507.00,call,15.76,16.63,16.58,100,16.68,100,1,6,2024-05-06,0.13645,0.71541,0.01473,-0.15175,0.57287,0.37710
SPY240614C00507500,SPY,2024-06-14,507.50,call,12.47,16.25,16.20,100,16.30,100,0,3,2024-05-06,0.13584,0.70864,0.01496,-0.15196,0.57927,0.37377
SPY240614C00508000,SPY,2024-06-14,508.00,call,15.97,15.88,15.82,100,15.93,100,44,74,2024-05-06,0.13538,0.70155,0.01517,-0.15226,0.58572,0.37026
SPY240614C00509000,SPY,2024-06-14,509.00,call,15.13,15.13,15.09,100,15.18,100,82,60,2024-05-06,0.13416,0.68738,0.01563,-0.15248,0.59789,0.36323
SPY240614C00510000,SPY,2024-06-14,510.00,call,14.24,14.40,14.36,100,14.45,100,25,107,2024-05-06,0.13294,0.67269,0.01608,-0.15252,0.60950,0.35591
SPY240614C00511000,SPY,2024-06-14,511.00,call,12.98,13.69,13.66,101,13.72,51,8,134,2024-05-06,0.13187,0.65732,0.01650,-0.15250,0.62055,0.34819
SPY240614C00512000,SPY,2024-06-14,512.00,call,13.11,13.00,12.97,101,13.03,176,14,30,2024-05-06,0.13096,0.64134,0.01690,-0.15241,0.63091,0.34010
SPY240614C00512500,SPY,2024-06-14,512.50,call,12.15,12.66,12.63,101,12.69,70,55,7,2024-05-06,0.13050,0.63317,0.01709,-0.15228,0.63575,0.33595
SPY240614C00513000,SPY,2024-06-14,513.00,call,12.29,12.32,12.29,101,12.35,55,126,27,2024-05-06,0.12989,0.62502,0.01729,-0.15197,0.64028,0.33182
SPY240614C00514000,SPY,2024-06-14,514.00,call,11.62,11.66,11.64,101,11.69,55,68,15,2024-05-06,0.12898,0.60814,0.01764,-0.15144,0.64873,0.32320
SPY240614C00515000,SPY,2024-06-14,515.00,call,11.02,11.03,11.00,235,11.05,296,138,322,2024-05-06,0.12821,0.59075,0.01795,-0.15080,0.65613,0.31428
SPY240614C00516000,SPY,2024-06-14,516.00,call,10.50,10.41,10.38,200,10.43,319,155,83,2024-05-06,0.12730,0.57307,0.01825,-0.14980,0.66230,0.30519
SPY240614C00517000,SPY,2024-06-14,517.00,call,9.35,9.80,9.78,109,9.82,51,402,50,2024-05-06,0.12638,0.55503,0.01852,-0.14855,0.66722,0.29587
SPY240614C00518000,SPY,2024-06-14,518.00,call,9.14,9.21,9.19,240,9.24,240,174,14,2024-05-06,0.12532,0.53666,0.01877,-0.14691,0.67079,0.28637
SPY240614C00519000,SPY,2024-06-14,519.00,call,8.06,8.66,8.63,200,8.68,479,47,4,2024-05-06,0.12471,0.51793,0.01893,-0.14540,0.67296,0.27662
SPY240614C00520000,SPY,2024-06-14,520.00,call,8.10,8.11,8.09,200,8.13,186,109,353,2024-05-06,0.12379,0.49897,0.01909,-0.14337,0.67363,0.26675
SPY240614C00521000,SPY,2024-06-14,521.00,call,7.26,7.58,7.56,298,7.61,259,96,57,2024-05-06,0.12303,0.47982,0.01918,-0.14120,0.67277,0.25673
SPY240614C00522000,SPY,2024-06-14,522.00,call,7.06,7.08,7.06,300,7.11,264,109,79,2024-05-06,0.12227,0.46051,0.01923,-0.13878,0.67033,0.24661
SPY240614C00523000,SPY,2024-06-14,523.00,call,6.08,6.61,6.59,109,6.63,249,108,5,2024-05-06,0.12166,0.44118,0.01921,-0.13624,0.66630,0.23645
SPY240614C00524000,SPY,2024-06-14,524.00,call,6.15,6.15,6.13,200,6.17,259,65,32,2024-05-06,0.12105,0.42183,0.01914,-0.13345,0.66066,0.22626
SPY240614C00525000,SPY,2024-06-14,525.00,call,5.70,5.71,5.69,246,5.73,31,204,410,2024-05-06,0.12029,0.40238,0.01905,-0.13028,0.65337,0.21599
SPY240614C00530000,SPY,2024-06-14,530.00,call,3.81,3.83,3.81,340,3.85,30,135,359,2024-05-06,0.11724,0.30784,0.01777,-0.11193,0.59389,0.16583
SPY240614C00535000,SPY,2024-06-14,535.00,call,2.42,2.44,2.42,200,2.45,355,303,209,2024-05-06,0.11480,0.22253,0.01538,-0.09050,0.50326,0.12022
SPY240614C00540000,SPY,2024-06-14,540.00,call,1.44,1.45,1.44,599,1.46,52,266,157,2024-05-06,0.11221,0.15015,0.01231,-0.06779,0.39397,0.08133
SPY240614C00545000,SPY,2024-06-14,545.00,call,0.81,0.82,0.82,287,0.83,150,63,98,2024-05-06,0.11038,0.09527,0.00909,-0.04754,0.28599,0.05171
SPY240614C00550000,SPY,2024-06-14,550.00,call,0.46,0.46,0.45,305,0.46,676,41,25,2024-05-06,0.11007,0.05861,0.00629,-0.03222,0.19749,0.03186
SPY240614C00555000,SPY,2024-06-14,555.00,call,0.26,0.26,0.25,311,0.26,951,1883,107,2024-05-06,0.11084,0.03551,0.00418,-0.02140,0.13204,0.01932
SPY240614C00560000,SPY,2024-06-14,560.00,call,0.15,0.15,0.15,224,0.16,2402,6,744,2024-05-06,0.11251,0.02160,0.00272,-0.01420,0.08727,0.01176
SPY240614C00565000,SPY,2024-06-14,565.00,call,0.09,0.10,0.09,322,0.10,2719,7,214,2024-05-06,0.11663,0.01455,0.00187,-0.01040,0.06228,0.00792
SPY240614C00570000,SPY,2024-06-14,570.00,call,0.05,0.07,0.06,322,0.07,3705,0,8,2024-05-06,0.12135,0.01023,0.00133,-0.00790,0.04590,0.00557
SPY240614C00575000,SPY,2024-06-14,575.00,call,0.04,0.06,0.05,309,0.06,6881,10,20,2024-05-06,0.12867,0.00839,0.00105,-0.00699,0.03861,0.00457
SPY240614C00580000,SPY,2024-06-14,580.00,call,0.03,0.04,0.04,189,0.05,6942,20,1,2024-05-06,0.13202,0.00570,0.00073,-0.00507,0.02744,0.00310
SPY240614C00585000,SPY,2024-06-14,585.00,call,0.03,0.04,0.03,309,0.04,7126,16,0,2024-05-06,0.14102,0.00535,0.00065,-0.00509,0.02594,0.00291
SPY240614C00590000,SPY,2024-06-14,590.00,call,0.01,0.03,0.02,309,0.03,4822,0,2,2024-05-06,0.14544,0.00400,0.00048,-0.00403,0.02000,0.00218
SPY240614C00595000,SPY,2024-06-14,595.00,call,0.00,0.03,0.02,309,0.03,7080,0,0,2024-05-06,0.15398,0.00379,0.00043,-0.00405,0.01907,0.00206
SPY240614C00600000,SPY,2024-06-14,600.00,call,0.02,0.03,0.02,218,0.03,7143,10,1,2024-05-06,0.16251,0.00363,0.00040,-0.00409,0.01834,0.00197
SPY240621C00180000,SPY,2024-06-21,180.00,call,335.21,337.55,337.24,75,337.85,75,2,277,2024-05-06,0.22250,1.00000,0.00000,-0.02611,0.00000,0.22533
SPY240621C00185000,SPY,2024-06-21,185.00,call,331.80,332.58,332.28,75,332.89,75,0,60,2024-05-06,0.21919,1.00000,0.00000,-0.02683,0.00000,0.23159
SPY240621C00190000,SPY,2024-06-21,190.00,call,305.94,327.62,327.32,75,327.92,75,0,308,2024-05-06,0.21589,1.00000,0.00000,-0.02756,0.00000,0.23785
SPY240621C00195000,SPY,2024-06-21,195.00,call,314.82,322.65,322.35,75,322.95,75,0,905,2024-05-06,0.21258,1.00000,0.00000,-0.02828,0.00000,0.24411
SPY240621C00200000,SPY,2024-06-21,200.00,call,303.66,317.69,317.39,75,317.99,75,0,521,2024-05-06,0.20928,1.00000,0.00000,-0.02901,0.00000,0.25037
SPY240621C00205000,SPY,2024-06-21,205.00,call,302.06,312.73,312.43,75,313.02,75,0,352,2024-05-06,0.20597,1.00000,0.00000,-0.02974,0.00000,0.25663
SPY240621C00210000,SPY,2024-06-21,210.00,call,300.66,307.77,307.46,75,308.09,100,0,122,2024-05-06,0.20266,1.00000,0.00000,-0.03046,0.00000,0.26289
SPY240621C00215000,SPY,2024-06-21,215.00,call,296.63,302.81,302.50,75,303.13,100,0,441,2024-05-06,0.19936,1.00000,0.00000,-0.03119,0.00000,0.26914
SPY240621C00220000,SPY,2024-06-21,220.00,call,289.74,297.85,297.54,75,298.16,100,0,692,2024-05-06,0.19605,1.00000,0.00000,-0.03191,0.00000,0.27540
SPY240621C00225000,SPY,2024-06-21,225.00,call,290.93,292.88,292.57,75,293.19,100,4,1080,2024-05-06,0.19275,1.00000,0.00000,-0.03264,0.00000,0.28166
SPY240621C00230000,SPY,2024-06-21,230.00,call,274.53,287.92,287.61,75,288.23,100,0,1124,2024-05-06,0.18944,1.00000,0.00000,-0.03336,0.00000,0.28792
SPY240621C00235000,SPY,2024-06-21,235.00,call,267.28,282.95,282.65,75,283.26,100,0,1382,2024-05-06,0.18614,1.00000,0.00000,-0.03409,0.00000,0.29418
SPY240621C00240000,SPY,2024-06-21,240.00,call,268.70,277.99,277.68,75,278.29,100,0,1478,2024-05-06,0.18283,1.00000,0.00000,-0.03481,0.00000,0.30044
SPY240621C00245000,SPY,2024-06-21,245.00,call,256.63,273.02,272.72,75,273.33,100,0,786,2024-05-06,0.17953,1.00000,0.00000,-0.03554,0.00000,0.30670
SPY240621C00250000,SPY,2024-06-21,250.00,call,260.70,268.06,267.76,75,268.36,100,0,1075,2024-05-06,0.17622,1.00000,0.00000,-0.03626,0.00000,0.31296
SPY240621C00255000,SPY,2024-06-21,255.00,call,247.00,263.10,262.80,75,263.39,100,0,666,2024-05-06,0.17292,1.00000,0.00000,-0.03699,0.00000,0.31922
SPY240621C00260000,SPY,2024-06-21,260.00,call,251.72,258.13,257.83,75,258.43,100,0,923,2024-05-06,0.16961,1.00000,0.00000,-0.03771,0.00000,0.32548
SPY240621C00265000,SPY,2024-06-21,265.00,call,236.65,253.17,252.87,75,253.46,100,0,639,2024-05-06,0.16631,1.00000,0.00000,-0.03844,0.00000,0.33174
SPY240621C00270000,SPY,2024-06-21,270.00,call,231.99,248.20,247.91,75,248.50,100,0,711,2024-05-06,0.16300,1.00000,0.00000,-0.03916,0.00000,0.33800
SPY240621C00275000,SPY,2024-06-21,275.00,call,232.48,243.24,242.95,75,243.53,100,0,1614,2024-05-06,0.15969,1.00000,0.00000,-0.03989,0.00000,0.34426
SPY240621C00280000,SPY,2024-06-21,280.00,call,224.30,238.27,237.98,75,238.57,100,0,3033,2024-05-06,0.15639,1.00000,0.00000,-0.04061,0.00000,0.35051
SPY240621C00285000,SPY,2024-06-21,285.00,call,228.22,233.31,233.02,75,233.60,100,0,1170,2024-05-06,0.15308,1.00000,0.00000,-0.04134,0.00000,0.35677
SPY240621C00290000,SPY,2024-06-21,290.00,call,218.55,228.35,228.06,75,228.64,100,0,776,2024-05-06,0.14978,1.00000,0.00000,-0.04206,0.00000,0.36303
SPY240621C00295000,SPY,2024-06-21,295.00,call,227.45,223.38,223.10,75,223.67,100,0,904,2024-05-06,0.14647,1.00000,0.00000,-0.04279,0.00000,0.36929
SPY240621C00300000,SPY,2024-06-21,300.00,call,205.06,218.43,218.14,75,218.71,100,0,1680,2024-05-06,0.14317,1.00000,0.00000,-0.04351,0.00000,0.37555
SPY240621C00305000,SPY,2024-06-21,305.00,call,211.93,213.46,213.18,75,213.74,100,0,2036,2024-05-06,0.13986,1.00000,0.00000,-0.04424,0.00000,0.38181
SPY240621C00310000,SPY,2024-06-21,310.00,call,201.26,208.50,208.21,75,208.78,100,0,2548,2024-05-06,0.13656,1.00000,0.00000,-0.04497,0.00000,0.38807
SPY240621C00315000,SPY,2024-06-21,315.00,call,197.14,203.53,203.25,75,203.82,100,0,1375,2024-05-06,0.13325,1.00000,0.00000,-0.04569,0.00000,0.39433
SPY240621C00320000,SPY,2024-06-21,320.00,call,197.70,198.57,198.29,75,198.85,100,9,2673,2024-05-06,0.12995,1.00000,0.00000,-0.04642,0.00000,0.40059
SPY240621C00325000,SPY,2024-06-21,325.00,call,183.25,193.61,193.33,75,193.89,100,0,1218,2024-05-06,0.12664,1.00000,0.00000,-0.04714,0.00000,0.40685
SPY240621C00330000,SPY,2024-06-21,330.00,call,189.71,188.65,188.37,75,188.93,100,0,1901,2024-05-06,0.12334,1.00000,0.00000,-0.04787,0.00000,0.41311
SPY240621C00335000,SPY,2024-06-21,335.00,call,176.44,183.69,183.41,75,183.97,100,0,1290,2024-05-06,0.12003,1.00000,0.00000,-0.04859,0.00000,0.41937
SPY240621C00340000,SPY,2024-06-21,340.00,call,171.01,178.72,178.45,75,179.00,100,0,1163,2024-05-06,0.11673,1.00000,0.00000,-0.04932,0.00000,0.42562
SPY240621C00345000,SPY,2024-06-21,345.00,call,172.55,173.76,173.49,75,174.04,100,1,5820,2024-05-06,0.11342,1.00000,0.00000,-0.05004,0.00000,0.43188
SPY240621C00350000,SPY,2024-06-21,350.00,call,167.60,168.81,168.54,75,169.08,100,1,2955,2024-05-06,0.11011,1.00000,0.00000,-0.05077,0.00000,0.43814
SPY240621C00355000,SPY,2024-06-21,355.00,call,162.85,163.85,163.58,75,164.12,100,5,1507,2024-05-06,0.10681,1.00000,0.00000,-0.05149,0.00000,0.44440
SPY240621C00360000,SPY,2024-06-21,360.00,call,156.77,158.89,158.62,75,159.16,100,1,2429,2024-05-06,0.10350,1.00000,0.00000,-0.05222,0.00000,0.45066
SPY240621C00365000,SPY,2024-06-21,365.00,call,148.77,153.93,153.66,75,154.20,100,0,887,2024-05-06,0.10020,1.00000,0.00000,-0.05294,0.00000,0.45692
SPY240621C00370000,SPY,2024-06-21,370.00,call,146.83,148.97,148.70,75,149.24,100,1,1521,2024-05-06,0.09689,1.00000,0.00000,-0.05367,0.00000,0.46318
SPY240621C00375000,SPY,2024-06-21,375.00,call,132.90,144.01,143.75,75,144.28,100,0,3107,2024-05-06,0.09359,1.00000,0.00000,-0.05439,0.00000,0.46944
SPY240621C00380000,SPY,2024-06-21,380.00,call,125.80,139.06,138.79,75,139.32,100,0,4285,2024-05-06,0.09028,1.00000,0.00000,-0.05512,0.00000,0.47570
SPY240621C00385000,SPY,2024-06-21,385.00,call,132.00,134.10,133.83,75,134.36,100,3,7340,2024-05-06,0.08698,1.00000,0.00000,-0.05584,0.00000,0.48196
SPY240621C00390000,SPY,2024-06-21,390.00,call,127.03,129.14,128.88,75,129.40,100,3,7479,2024-05-06,0.08367,1.00000,0.00000,-0.05657,0.00000,0.48822
SPY240621C00395000,SPY,2024-06-21,395.00,call,119.63,124.19,123.92,75,124.45,100,0,11300,2024-05-06,0.08037,1.00000,0.00000,-0.05729,0.00000,0.49448
SPY240621C00400000,SPY,2024-06-21,400.00,call,118.50,119.23,118.97,75,119.49,100,15,10511,2024-05-06,0.07706,1.00000,0.00000,-0.05802,0.00000,0.50073
SPY240621C00405000,SPY,2024-06-21,405.00,call,113.23,114.28,114.02,75,114.54,100,2,4329,2024-05-06,0.07376,1.00000,0.00000,-0.05875,0.00000,0.50699
SPY240621C00410000,SPY,2024-06-21,410.00,call,108.34,109.32,109.06,75,109.58,100,26,12834,2024-05-06,0.20611,0.99949,0.00005,-0.06017,0.00331,0.51292
SPY240621C00412000,SPY,2024-06-21,412.00,call,101.65,107.34,107.08,75,107.60,100,0,609,2024-05-06,0.21602,0.99895,0.00009,-0.06120,0.00646,0.51506
SPY240621C00413000,SPY,2024-06-21,413.00,call,111.54,106.35,106.09,75,106.61,100,0,256,2024-05-06,0.21846,0.99870,0.00011,-0.06167,0.00787,0.51614
SPY240621C00414000,SPY,2024-06-21,414.00,call,90.75,105.36,105.10,75,105.62,100,0,175,2024-05-06,0.22028,0.99844,0.00013,-0.06215,0.00928,0.51722
SPY240621C00415000,SPY,2024-06-21,415.00,call,103.17,104.37,104.11,75,104.63,100,9,11314,2024-05-06,0.22135,0.99820,0.00014,-0.06260,0.01058,0.51831
SPY240621C00416000,SPY,2024-06-21,416.00,call,111.68,103.38,103.12,75,103.64,100,0,261,2024-05-06,0.22211,0.99795,0.00016,-0.06305,0.01188,0.51940
SPY240621C00417000,SPY,2024-06-21,417.00,call,91.92,102.39,102.13,75,102.65,100,0,176,2024-05-06,0.22257,0.99771,0.00018,-0.06349,0.01317,0.52049
SPY240621C00418000,SPY,2024-06-21,418.00,call,83.88,101.41,101.15,75,101.66,100,0,424,2024-05-06,0.22897,0.99681,0.00023,-0.06479,0.01771,0.52114
SPY240621C00419000,SPY,2024-06-21,419.00,call,107.01,100.41,100.16,75,100.67,100,0,1338,2024-05-06,0.22272,0.99722,0.00021,-0.06436,0.01569,0.52266
SPY240621C00420000,SPY,2024-06-21,420.00,call,97.54,99.43,99.17,75,99.68,100,90,25432,2024-05-06,0.22791,0.99633,0.00026,-0.06561,0.02009,0.52332
SPY240621C00421000,SPY,2024-06-21,421.00,call,91.30,98.44,98.18,75,98.69,100,0,1099,2024-05-06,0.22714,0.99610,0.00028,-0.06601,0.02124,0.52442
SPY240621C00422000,SPY,2024-06-21,422.00,call,95.60,97.44,97.19,75,97.70,100,2,1642,2024-05-06,0.22166,0.99647,0.00026,-0.06561,0.01940,0.52592
SPY240621C00423000,SPY,2024-06-21,423.00,call,86.77,96.45,96.20,75,96.71,100,0,1536,2024-05-06,0.22105,0.99622,0.00028,-0.06602,0.02063,0.52701
SPY240621C00424000,SPY,2024-06-21,424.00,call,83.30,95.47,95.21,75,95.72,100,0,2189,2024-05-06,0.22455,0.99536,0.00033,-0.06720,0.02482,0.52768
SPY240621C00425000,SPY,2024-06-21,425.00,call,93.31,94.47,94.22,75,94.73,100,19,13069,2024-05-06,0.21937,0.99574,0.00031,-0.06680,0.02299,0.52919
SPY240621C00426000,SPY,2024-06-21,426.00,call,86.39,93.48,93.23,75,93.74,100,0,3296,2024-05-06,0.21846,0.99549,0.00033,-0.06719,0.02420,0.53027
SPY240621C00427000,SPY,2024-06-21,427.00,call,81.79,92.50,92.24,75,92.75,100,0,4226,2024-05-06,0.22120,0.99461,0.00038,-0.06833,0.02835,0.53094
SPY240621C00428000,SPY,2024-06-21,428.00,call,79.62,91.51,91.25,75,91.77,100,0,2878,2024-05-06,0.21998,0.99435,0.00040,-0.06871,0.02954,0.53202
SPY240621C00429000,SPY,2024-06-21,429.00,call,74.49,90.53,90.27,75,90.78,100,0,2618,2024-05-06,0.22181,0.99350,0.00045,-0.06979,0.03348,0.53269
SPY240621C00430000,SPY,2024-06-21,430.00,call,89.52,89.53,89.28,75,89.79,100,1,69098,2024-05-06,0.21739,0.99383,0.00044,-0.06944,0.03195,0.53417
SPY240621C00431000,SPY,2024-06-21,431.00,call,77.26,88.55,88.29,75,88.80,100,0,2044,2024-05-06,0.21891,0.99297,0.00049,-0.07051,0.03588,0.53484
SPY240621C00432000,SPY,2024-06-21,432.00,call,76.99,87.56,87.30,75,87.81,100,0,1605,2024-05-06,0.21739,0.99270,0.00051,-0.07086,0.03707,0.53592
SPY240621C00433000,SPY,2024-06-21,433.00,call,78.60,86.56,86.31,75,86.82,100,0,1809,2024-05-06,0.21312,0.99304,0.00050,-0.07051,0.03557,0.53740
SPY240621C00434000,SPY,2024-06-21,434.00,call,81.18,85.58,85.33,75,85.83,100,0,1324,2024-05-06,0.21434,0.99214,0.00055,-0.07157,0.03959,0.53805
SPY240621C00435000,SPY,2024-06-21,435.00,call,84.59,84.59,84.34,75,84.85,100,8,11304,2024-05-06,0.21266,0.99187,0.00057,-0.07189,0.04075,0.53912
SPY240621C00436000,SPY,2024-06-21,436.00,call,67.14,83.60,83.35,75,83.86,100,0,1180,2024-05-06,0.21114,0.99156,0.00059,-0.07226,0.04213,0.54017
SPY240621C00437000,SPY,2024-06-21,437.00,call,71.45,82.62,82.36,75,82.87,100,0,1024,2024-05-06,0.21160,0.99071,0.00064,-0.07321,0.04583,0.54085
SPY240621C00438000,SPY,2024-06-21,438.00,call,73.49,81.63,81.38,75,81.88,100,0,1047,2024-05-06,0.20992,0.99039,0.00067,-0.07356,0.04719,0.54189
SPY240621C00439000,SPY,2024-06-21,439.00,call,70.23,80.65,80.39,75,80.90,100,0,1537,2024-05-06,0.21022,0.98949,0.00072,-0.07453,0.05105,0.54253
SPY240621C00440000,SPY,2024-06-21,440.00,call,79.68,79.66,79.41,75,79.91,100,2,14900,2024-05-06,0.20824,0.98922,0.00075,-0.07480,0.05218,0.54361
SPY240621C00441000,SPY,2024-06-21,441.00,call,76.11,78.67,78.42,75,78.92,100,1,1736,2024-05-06,0.20641,0.98890,0.00077,-0.07512,0.05355,0.54464
SPY240621C00442000,SPY,2024-06-21,442.00,call,71.83,77.69,77.43,75,77.94,100,0,1678,2024-05-06,0.20641,0.98796,0.00083,-0.07607,0.05744,0.54527
SPY240621C00443000,SPY,2024-06-21,443.00,call,63.43,76.70,76.45,75,76.95,100,0,1589,2024-05-06,0.20443,0.98764,0.00085,-0.07636,0.05875,0.54631
SPY240621C00444000,SPY,2024-06-21,444.00,call,68.78,75.72,75.46,75,75.97,100,0,1164,2024-05-06,0.20413,0.98672,0.00091,-0.07725,0.06252,0.54695
SPY240621C00445000,SPY,2024-06-21,445.00,call,72.31,74.73,74.48,75,74.98,100,2,17222,2024-05-06,0.20199,0.98642,0.00094,-0.07749,0.06373,0.54800
SPY240621C00446000,SPY,2024-06-21,446.00,call,54.96,73.75,73.49,75,74.00,100,0,2374,2024-05-06,0.20153,0.98547,0.00100,-0.07837,0.06756,0.54862
SPY240621C00447000,SPY,2024-06-21,447.00,call,68.43,72.76,72.51,75,73.01,100,0,887,2024-05-06,0.19940,0.98514,0.00103,-0.07862,0.06890,0.54965
SPY240621C00448000,SPY,2024-06-21,448.00,call,58.63,71.78,71.53,75,72.03,100,0,4533,2024-05-06,0.19879,0.98416,0.00109,-0.07948,0.07276,0.55025
SPY240621C00449000,SPY,2024-06-21,449.00,call,54.80,70.79,70.54,75,71.04,100,0,1312,2024-05-06,0.19666,0.98379,0.00112,-0.07974,0.07424,0.55125
SPY240621C00450000,SPY,2024-06-21,450.00,call,69.81,69.81,69.56,75,70.06,100,2,21462,2024-05-06,0.19574,0.98286,0.00118,-0.08051,0.07785,0.55188
SPY240621C00451000,SPY,2024-06-21,451.00,call,58.24,68.83,68.58,75,69.08,100,0,1964,2024-05-06,0.19483,0.98188,0.00125,-0.08130,0.08163,0.55248
SPY240621C00452000,SPY,2024-06-21,452.00,call,53.46,67.85,67.60,75,68.10,100,0,199,2024-05-06,0.19391,0.98085,0.00131,-0.08212,0.08556,0.55304
SPY240621C00453000,SPY,2024-06-21,453.00,call,64.77,66.86,66.61,75,67.11,100,9,2069,2024-05-06,0.19163,0.98045,0.00135,-0.08234,0.08710,0.55403
SPY240621C00454000,SPY,2024-06-21,454.00,call,53.48,65.88,65.63,75,66.13,100,0,98,2024-05-06,0.19041,0.97949,0.00142,-0.08304,0.09072,0.55464
SPY240621C00455000,SPY,2024-06-21,455.00,call,63.66,64.90,64.65,75,65.15,100,9,16989,2024-05-06,0.18934,0.97840,0.00149,-0.08383,0.09479,0.55516
SPY240621C00456000,SPY,2024-06-21,456.00,call,49.66,63.92,63.67,75,64.17,100,0,121,2024-05-06,0.18797,0.97741,0.00156,-0.08450,0.09841,0.55576
SPY240621C00457000,SPY,2024-06-21,457.00,call,62.02,62.95,62.70,153,63.19,153,6,3123,2024-05-06,0.18766,0.97577,0.00165,-0.08571,0.10440,0.55591
SPY240621C00458000,SPY,2024-06-21,458.00,call,47.96,61.97,61.72,153,62.21,153,0,105,2024-05-06,0.18614,0.97476,0.00173,-0.08634,0.10805,0.55649
SPY240621C00459000,SPY,2024-06-21,459.00,call,54.61,60.99,60.74,153,61.24,153,0,70,2024-05-06,0.18461,0.97370,0.00180,-0.08698,0.11183,0.55703
SPY240621C00460000,SPY,2024-06-21,460.00,call,57.89,60.02,59.77,153,60.26,153,1,14844,2024-05-06,0.18400,0.97200,0.00190,-0.08812,0.11782,0.55715
SPY240621C00461000,SPY,2024-06-21,461.00,call,56.86,59.03,58.79,153,59.28,153,1,240,2024-05-06,0.18157,0.97143,0.00196,-0.08831,0.11983,0.55802
SPY240621C00462000,SPY,2024-06-21,462.00,call,51.69,58.06,57.82,153,58.31,153,0,329,2024-05-06,0.18065,0.96979,0.00207,-0.08932,0.12551,0.55818
SPY240621C00463000,SPY,2024-06-21,463.00,call,48.73,57.09,56.84,153,57.33,153,0,138,2024-05-06,0.17974,0.96806,0.00217,-0.09036,0.13142,0.55828
SPY240621C00464000,SPY,2024-06-21,464.00,call,50.81,56.11,55.87,153,56.36,153,0,113,2024-05-06,0.17791,0.96692,0.00226,-0.09091,0.13529,0.55877
SPY240621C00465000,SPY,2024-06-21,465.00,call,52.80,55.14,54.90,153,55.39,153,3,15423,2024-05-06,0.17684,0.96514,0.00238,-0.09190,0.14125,0.55883
SPY240621C00466000,SPY,2024-06-21,466.00,call,49.77,54.17,53.93,153,54.42,153,0,128,2024-05-06,0.17562,0.96338,0.00249,-0.09283,0.14704,0.55891
SPY240621C00467000,SPY,2024-06-21,467.00,call,39.47,53.20,52.96,153,53.45,153,0,81,2024-05-06,0.17425,0.96167,0.00261,-0.09369,0.15265,0.55902
SPY240621C00468000,SPY,2024-06-21,468.00,call,51.20,52.23,51.99,153,52.48,153,4,400,2024-05-06,0.17288,0.95986,0.00273,-0.09456,0.15848,0.55906
SPY240621C00469000,SPY,2024-06-21,469.00,call,41.35,51.27,51.03,153,51.51,153,0,239,2024-05-06,0.17211,0.95743,0.00287,-0.09583,0.16621,0.55869
SPY240621C00470000,SPY,2024-06-21,470.00,call,48.38,50.33,50.07,153,50.58,153,10,24065,2024-05-06,0.17227,0.95403,0.00305,-0.09772,0.17682,0.55767
SPY240621C00471000,SPY,2024-06-21,471.00,call,45.11,49.36,49.11,153,49.62,153,0,463,2024-05-06,0.17074,0.95202,0.00319,-0.09857,0.18301,0.55757
SPY240621C00472000,SPY,2024-06-21,472.00,call,43.32,48.41,48.15,153,48.66,153,0,132,2024-05-06,0.16998,0.94916,0.00335,-0.09994,0.19166,0.55691
SPY240621C00473000,SPY,2024-06-21,473.00,call,34.00,47.45,47.19,153,47.70,153,0,111,2024-05-06,0.16876,0.94661,0.00351,-0.10103,0.19925,0.55646
SPY240621C00474000,SPY,2024-06-21,474.00,call,42.15,46.48,46.23,153,46.74,153,0,294,2024-05-06,0.16693,0.94456,0.00366,-0.10171,0.20529,0.55635
SPY240621C00475000,SPY,2024-06-21,475.00,call,44.14,45.53,45.28,153,45.78,153,3,18670,2024-05-06,0.16587,0.94160,0.00383,-0.10294,0.21388,0.55562
SPY240621C00476000,SPY,2024-06-21,476.00,call,42.61,44.58,44.33,153,44.83,153,8,103,2024-05-06,0.16480,0.93848,0.00402,-0.10419,0.22277,0.55479
SPY240621C00477000,SPY,2024-06-21,477.00,call,37.90,43.62,43.37,153,43.88,153,0,94,2024-05-06,0.16327,0.93572,0.00420,-0.10513,0.23052,0.55420
SPY240621C00478000,SPY,2024-06-21,478.00,call,40.32,42.68,42.43,153,42.93,153,4,372,2024-05-06,0.16236,0.93211,0.00440,-0.10652,0.24048,0.55303
SPY240621C00479000,SPY,2024-06-21,479.00,call,32.99,41.73,41.48,153,41.98,153,0,134,2024-05-06,0.16099,0.92886,0.00460,-0.10760,0.24930,0.55211
SPY240621C00480000,SPY,2024-06-21,480.00,call,40.60,40.78,40.54,153,41.03,153,22,31055,2024-05-06,0.15946,0.92563,0.00481,-0.10857,0.25793,0.55121
SPY240621C00481000,SPY,2024-06-21,481.00,call,35.49,39.84,39.60,153,40.09,153,0,255,2024-05-06,0.15840,0.92166,0.00504,-0.10990,0.26833,0.54981
SPY240621C00482000,SPY,2024-06-21,482.00,call,36.68,38.91,38.66,153,39.15,153,4,441,2024-05-06,0.15748,0.91729,0.00528,-0.11137,0.27956,0.54814
SPY240621C00483000,SPY,2024-06-21,483.00,call,33.42,37.97,37.73,153,38.21,153,0,163,2024-05-06,0.15611,0.91330,0.00552,-0.11249,0.28961,0.54672
SPY240621C00484000,SPY,2024-06-21,484.00,call,35.69,37.04,36.80,153,37.28,153,3,248,2024-05-06,0.15489,0.90891,0.00577,-0.11374,0.30048,0.54504
SPY240621C00485000,SPY,2024-06-21,485.00,call,36.31,36.11,35.87,153,36.36,153,21,29766,2024-05-06,0.15367,0.90429,0.00603,-0.11500,0.31166,0.54320
SPY240621C00486000,SPY,2024-06-21,486.00,call,33.40,35.19,34.95,153,35.43,153,1,115,2024-05-06,0.15260,0.89922,0.00631,-0.11638,0.32367,0.54106
SPY240621C00487000,SPY,2024-06-21,487.00,call,29.65,34.27,34.03,153,34.51,153,0,912,2024-05-06,0.15138,0.89412,0.00659,-0.11765,0.33549,0.53890
SPY240621C00488000,SPY,2024-06-21,488.00,call,31.50,33.36,33.12,153,33.59,153,1,303,2024-05-06,0.15032,0.88853,0.00689,-0.11903,0.34812,0.53641
SPY240621C00489000,SPY,2024-06-21,489.00,call,31.46,32.45,32.21,153,32.68,153,275,237,2024-05-06,0.14925,0.88267,0.00719,-0.12042,0.36105,0.53374
SPY240621C00490000,SPY,2024-06-21,490.00,call,30.88,31.54,31.31,153,31.77,153,33,53477,2024-05-06,0.14788,0.87699,0.00751,-0.12155,0.37328,0.53119
SPY240621C00491000,SPY,2024-06-21,491.00,call,29.03,30.64,30.41,153,30.87,153,16,413,2024-05-06,0.14681,0.87055,0.00783,-0.12292,0.38680,0.52813
SPY240621C00492000,SPY,2024-06-21,492.00,call,27.71,29.74,29.51,153,29.97,153,16,748,2024-05-06,0.14544,0.86428,0.00817,-0.12403,0.39961,0.52519
SPY240621C00493000,SPY,2024-06-21,493.00,call,24.50,28.85,28.62,410,29.08,410,0,10155,2024-05-06,0.14437,0.85722,0.00852,-0.12536,0.41365,0.52171
SPY240621C00494000,SPY,2024-06-21,494.00,call,27.08,27.96,27.74,410,28.19,410,7,771,2024-05-06,0.14315,0.85006,0.00888,-0.12655,0.42746,0.51816
SPY240621C00495000,SPY,2024-06-21,495.00,call,27.31,27.09,26.87,410,27.31,410,112,32512,2024-05-06,0.14209,0.84231,0.00925,-0.12784,0.44196,0.51422
SPY240621C00496000,SPY,2024-06-21,496.00,call,24.94,26.22,26.00,410,26.44,410,9,877,2024-05-06,0.14102,0.83420,0.00963,-0.12909,0.45664,0.51004
SPY240621C00497000,SPY,2024-06-21,497.00,call,25.34,25.36,25.14,410,25.57,410,35,2468,2024-05-06,0.13995,0.82572,0.01002,-0.13031,0.47148,0.50560
SPY240621C00498000,SPY,2024-06-21,498.00,call,23.45,24.50,24.28,410,24.71,410,6,1750,2024-05-06,0.13873,0.81710,0.01042,-0.13135,0.48603,0.50108
SPY240621C00499000,SPY,2024-06-21,499.00,call,23.65,23.65,23.44,410,23.86,410,316,2082,2024-05-06,0.13766,0.80784,0.01082,-0.13247,0.50110,0.49611
SPY240621C00500000,SPY,2024-06-21,500.00,call,22.54,22.77,22.60,416,22.94,118,583,61244,2024-05-06,0.13568,0.79966,0.01126,-0.13279,0.51394,0.49190
SPY240621C00501000,SPY,2024-06-21,501.00,call,21.79,21.94,21.78,416,22.10,84,27,4454,2024-05-06,0.13477,0.78930,0.01168,-0.13391,0.52954,0.48620
SPY240621C00502000,SPY,2024-06-21,502.00,call,20.37,21.12,20.96,416,21.28,91,65,7566,2024-05-06,0.13370,0.77877,0.01211,-0.13482,0.54473,0.48037
SPY240621C00503000,SPY,2024-06-21,503.00,call,20.17,20.30,20.15,416,20.46,57,35,5843,2024-05-06,0.13248,0.76802,0.01256,-0.13554,0.55951,0.47442
SPY240621C00504000,SPY,2024-06-21,504.00,call,19.50,19.51,19.35,416,19.66,91,20,4644,2024-05-06,0.13157,0.75635,0.01299,-0.13640,0.57478,0.46781
SPY240621C00505000,SPY,2024-06-21,505.00,call,18.73,18.72,18.57,416,18.87,57,510,27057,2024-05-06,0.13065,0.74422,0.01342,-0.13717,0.58981,0.46091
SPY240621C00506000,SPY,2024-06-21,506.00,call,18.00,17.95,17.82,416,18.09,57,291,5421,2024-05-06,0.12974,0.73163,0.01386,-0.13782,0.60451,0.45368
SPY240621C00507000,SPY,2024-06-21,507.00,call,17.11,17.25,17.10,335,17.40,410,61,5955,2024-05-06,0.12974,0.71732,0.01421,-0.13905,0.62016,0.44525
SPY240621C00508000,SPY,2024-06-21,508.00,call,16.51,16.47,16.43,40,16.51,8,51,4209,2024-05-06,0.12837,0.70447,0.01467,-0.13909,0.63326,0.43787
SPY240621C00509000,SPY,2024-06-21,509.00,call,14.88,15.73,15.69,53,15.77,16,84,4754,2024-05-06,0.12745,0.69053,0.01508,-0.13935,0.64648,0.42972
SPY240621C00510000,SPY,2024-06-21,510.00,call,15.00,15.01,14.97,36,15.05,16,3420,34522,2024-05-06,0.12654,0.67614,0.01549,-0.13946,0.65907,0.42126
SPY240621C00511000,SPY,2024-06-21,511.00,call,14.35,14.29,14.26,59,14.33,25,552,5346,2024-05-06,0.12547,0.66147,0.01590,-0.13930,0.67082,0.41262
SPY240621C00512000,SPY,2024-06-21,512.00,call,13.20,13.61,13.57,40,13.64,33,580,8295,2024-05-06,0.12471,0.64602,0.01626,-0.13919,0.68203,0.40342
SPY240621C00513000,SPY,2024-06-21,513.00,call,12.41,12.93,12.90,42,12.96,42,284,5958,2024-05-06,0.12379,0.63029,0.01663,-0.13880,0.69222,0.39404
SPY240621C00514000,SPY,2024-06-21,514.00,call,12.32,12.27,12.24,42,12.29,42,981,3682,2024-05-06,0.12303,0.61403,0.01695,-0.13834,0.70151,0.38428
SPY240621C00515000,SPY,2024-06-21,515.00,call,11.56,11.63,11.62,3,11.65,50,2734,20725,2024-05-06,0.12227,0.59739,0.01726,-0.13768,0.70969,0.37425
SPY240621C00516000,SPY,2024-06-21,516.00,call,11.05,11.00,10.97,55,11.02,86,836,3993,2024-05-06,0.12135,0.58047,0.01756,-0.13671,0.71666,0.36403
SPY240621C00517000,SPY,2024-06-21,517.00,call,10.37,10.39,10.37,59,10.41,94,240,8044,2024-05-06,0.12059,0.56312,0.01781,-0.13565,0.72242,0.35350
SPY240621C00518000,SPY,2024-06-21,518.00,call,9.86,9.80,9.78,79,9.83,84,1847,7255,2024-05-06,0.11983,0.54546,0.01804,-0.13438,0.72684,0.34275
SPY240621C00519000,SPY,2024-06-21,519.00,call,9.32,9.23,9.21,79,9.26,59,411,2714,2024-05-06,0.11907,0.52751,0.01823,-0.13290,0.72986,0.33179
SPY240621C00520000,SPY,2024-06-21,520.00,call,8.66,8.69,8.67,59,8.71,59,1746,23411,2024-05-06,0.11846,0.50933,0.01836,-0.13132,0.73140,0.32063
SPY240621C00521000,SPY,2024-06-21,521.00,call,8.29,8.16,8.14,79,8.18,59,118,4276,2024-05-06,0.11770,0.49094,0.01848,-0.12941,0.73141,0.30933
SPY240621C00522000,SPY,2024-06-21,522.00,call,7.60,7.65,7.63,79,7.67,59,696,11005,2024-05-06,0.11709,0.47242,0.01854,-0.12741,0.72985,0.29792
SPY240621C00523000,SPY,2024-06-21,523.00,call,7.15,7.16,7.14,79,7.18,59,201,5527,2024-05-06,0.11648,0.45381,0.01855,-0.12519,0.72669,0.28641
SPY240621C00524000,SPY,2024-06-21,524.00,call,6.65,6.70,6.68,79,6.72,80,353,4354,2024-05-06,0.11602,0.43524,0.01850,-0.12289,0.72194,0.27490
SPY240621C00525000,SPY,2024-06-21,525.00,call,6.23,6.26,6.25,1,6.27,77,2054,32431,2024-05-06,0.11556,0.41671,0.01841,-0.12040,0.71559,0.26339
SPY240621C00526000,SPY,2024-06-21,526.00,call,5.82,5.82,5.80,87,5.84,92,242,3257,2024-05-06,0.11480,0.39794,0.01833,-0.11745,0.70752,0.25173
SPY240621C00527000,SPY,2024-06-21,527.00,call,5.41,5.41,5.39,250,5.43,107,202,6356,2024-05-06,0.11419,0.37937,0.01817,-0.11445,0.69789,0.24016
SPY240621C00528000,SPY,2024-06-21,528.00,call,5.02,5.03,5.01,87,5.04,136,494,4241,2024-05-06,0.11388,0.36131,0.01794,-0.11155,0.68693,0.22888
SPY240621C00529000,SPY,2024-06-21,529.00,call,4.70,4.65,4.64,87,4.67,136,158,4179,2024-05-06,0.11327,0.34305,0.01770,-0.10821,0.67422,0.21747
SPY240621C00530000,SPY,2024-06-21,530.00,call,4.30,4.30,4.29,112,4.32,136,1685,23729,2024-05-06,0.11267,0.32500,0.01742,-0.10472,0.66002,0.20617
SPY240621C00531000,SPY,2024-06-21,531.00,call,4.00,3.98,3.96,96,3.99,155,116,5004,2024-05-06,0.11236,0.30771,0.01707,-0.10139,0.64487,0.19531
SPY240621C00532000,SPY,2024-06-21,532.00,call,3.63,3.67,3.65,96,3.68,175,335,2564,2024-05-06,0.11206,0.29077,0.01668,-0.09795,0.62851,0.18467
SPY240621C00533000,SPY,2024-06-21,533.00,call,3.43,3.37,3.35,136,3.38,155,609,2027,2024-05-06,0.11145,0.27364,0.01629,-0.09409,0.61041,0.17390
SPY240621C00534000,SPY,2024-06-21,534.00,call,3.08,3.09,3.08,104,3.11,312,151,2079,2024-05-06,0.11099,0.25718,0.01585,-0.09031,0.59149,0.16354
SPY240621C00535000,SPY,2024-06-21,535.00,call,2.83,2.83,2.82,104,2.85,737,1967,12038,2024-05-06,0.11053,0.24116,0.01538,-0.08645,0.57159,0.15343
SPY240621C00536000,SPY,2024-06-21,536.00,call,2.58,2.58,2.57,140,2.60,387,671,7086,2024-05-06,0.11007,0.22559,0.01488,-0.08254,0.55080,0.14361
SPY240621C00537000,SPY,2024-06-21,537.00,call,2.35,2.36,2.35,120,2.37,61,764,2112,2024-05-06,0.10977,0.21085,0.01435,-0.07877,0.52976,0.13429
SPY240621C00538000,SPY,2024-06-21,538.00,call,2.16,2.15,2.14,112,2.16,396,595,2972,2024-05-06,0.10946,0.19663,0.01380,-0.07498,0.50817,0.12530
SPY240621C00539000,SPY,2024-06-21,539.00,call,1.95,1.95,1.94,165,1.96,221,192,2129,2024-05-06,0.10901,0.18261,0.01325,-0.07102,0.48556,0.11643
SPY240621C00540000,SPY,2024-06-21,540.00,call,1.76,1.77,1.76,143,1.78,533,1580,22218,2024-05-06,0.10870,0.16950,0.01267,-0.06726,0.46319,0.10812
SPY240621C00541000,SPY,2024-06-21,541.00,call,1.59,1.60,1.59,180,1.61,429,746,1305,2024-05-06,0.10824,0.15661,0.01209,-0.06335,0.43997,0.09994
SPY240621C00542000,SPY,2024-06-21,542.00,call,1.45,1.44,1.44,121,1.45,253,107,2427,2024-05-06,0.10779,0.14430,0.01149,-0.05949,0.41662,0.09213
SPY240621C00543000,SPY,2024-06-21,543.00,call,1.24,1.31,1.30,129,1.31,385,339,2008,2024-05-06,0.10779,0.13364,0.01091,-0.05621,0.39540,0.08535
SPY240621C00544000,SPY,2024-06-21,544.00,call,1.19,1.17,1.17,138,1.18,424,378,1836,2024-05-06,0.10733,0.12251,0.01031,-0.05249,0.37222,0.07828
SPY240621C00545000,SPY,2024-06-21,545.00,call,1.06,1.06,1.05,138,1.06,601,292,32783,2024-05-06,0.10718,0.11266,0.00973,-0.04921,0.35077,0.07201
SPY240621C00546000,SPY,2024-06-21,546.00,call,0.88,0.94,0.94,258,0.95,486,12,4208,2024-05-06,0.10672,0.10271,0.00914,-0.04568,0.32817,0.06568
SPY240621C00547000,SPY,2024-06-21,547.00,call,0.86,0.84,0.84,239,0.85,395,1719,1854,2024-05-06,0.10642,0.09368,0.00857,-0.04243,0.30677,0.05993
SPY240621C00548000,SPY,2024-06-21,548.00,call,0.77,0.76,0.75,244,0.76,437,34,1168,2024-05-06,0.10642,0.08585,0.00803,-0.03962,0.28749,0.05493
SPY240621C00549000,SPY,2024-06-21,549.00,call,0.68,0.68,0.67,243,0.68,484,61,1633,2024-05-06,0.10642,0.07853,0.00751,-0.03692,0.26883,0.05026
SPY240621C00550000,SPY,2024-06-21,550.00,call,0.60,0.60,0.60,249,0.61,536,502,24803,2024-05-06,0.10596,0.07082,0.00697,-0.03387,0.24845,0.04535
SPY240621C00551000,SPY,2024-06-21,551.00,call,0.55,0.55,0.54,248,0.55,1235,50,4602,2024-05-06,0.10642,0.06536,0.00653,-0.03186,0.23351,0.04186
SPY240621C00552000,SPY,2024-06-21,552.00,call,0.45,0.48,0.48,264,0.49,667,66,2106,2024-05-06,0.10581,0.05838,0.00601,-0.02893,0.21382,0.03741
SPY240621C00555000,SPY,2024-06-21,555.00,call,0.35,0.35,0.35,189,0.36,2708,265,14272,2024-05-06,0.10642,0.04431,0.00480,-0.02315,0.17166,0.02840
SPY240621C00560000,SPY,2024-06-21,560.00,call,0.20,0.21,0.21,256,0.22,3266,296,19743,2024-05-06,0.10794,0.02792,0.00324,-0.01587,0.11756,0.01792
SPY240621C00565000,SPY,2024-06-21,565.00,call,0.13,0.14,0.13,259,0.14,2754,42,15202,2024-05-06,0.11145,0.01897,0.00226,-0.01169,0.08489,0.01217
SPY240621C00570000,SPY,2024-06-21,570.00,call,0.09,0.10,0.09,259,0.10,4890,150,7815,2024-05-06,0.11587,0.01359,0.00164,-0.00904,0.06378,0.00872
SPY240621C00575000,SPY,2024-06-21,575.00,call,0.07,0.07,0.06,3068,0.07,5560,19,14390,2024-05-06,0.11968,0.00957,0.00117,-0.00683,0.04702,0.00614
SPY240621C00580000,SPY,2024-06-21,580.00,call,0.06,0.06,0.05,259,0.06,7258,457,17361,2024-05-06,0.12623,0.00793,0.00094,-0.00606,0.03988,0.00509
SPY240621C00585000,SPY,2024-06-21,585.00,call,0.04,0.04,0.04,259,0.05,7280,9,6872,2024-05-06,0.12882,0.00538,0.00065,-0.00436,0.02830,0.00345
SPY240621C00590000,SPY,2024-06-21,590.00,call,0.04,0.04,0.03,259,0.04,7524,110,8133,2024-05-06,0.13705,0.00509,0.00059,-0.00440,0.02696,0.00327
SPY240621C00595000,SPY,2024-06-21,595.00,call,0.02,0.03,0.02,5570,0.03,5580,0,6271,2024-05-06,0.14087,0.00382,0.00044,-0.00348,0.02087,0.00245
SPY240621C00600000,SPY,2024-06-21,600.00,call,0.02,0.03,0.02,1642,0.03,7113,97,71151,2024-05-06,0.14864,0.00364,0.00040,-0.00350,0.01997,0.00233
SPY240621C00605000,SPY,2024-06-21,605.00,call,0.02,0.03,0.02,259,0.03,7654,4,6374,2024-05-06,0.15626,0.00347,0.00036,-0.00351,0.01913,0.00222
SPY240621C00610000,SPY,2024-06-21,610.00,call,0.01,0.01,0.01,5683,0.02,3730,0,2829,2024-05-06,0.14818,0.00132,0.00016,-0.00138,0.00798,0.00085
SPY240621C00615000,SPY,2024-06-21,615.00,call,0.01,0.01,0.01,4838,0.02,5560,2,4340,2024-05-06,0.15504,0.00127,0.00015,-0.00139,0.00767,0.00081
SPY240621C00620000,SPY,2024-06-21,620.00,call,0.01,0.01,0.01,2643,0.02,6010,10,7527,2024-05-06,0.16190,0.00122,0.00014,-0.00140,0.00743,0.00078
SPY240621C00625000,SPY,2024-06-21,625.00,call,0.01,0.01,0.01,1871,0.02,6281,0,9968,2024-05-06,0.16861,0.00118,0.00013,-0.00140,0.00718,0.00075
SPY240621C00630000,SPY,2024-06-21,630.00,call,0.01,0.01,0.00,0,0.01,2289,0,8286,2024-05-06,0.17516,0.00113,0.00012,-0.00140,0.00692,0.00072
SPY240621C00635000,SPY,2024-06-21,635.00,call,0.01,0.01,0.00,0,0.01,2951,0,13174,2024-05-06,0.18172,0.00109,0.00011,-0.00141,0.00671,0.00070
SPY240621C00640000,SPY,2024-06-21,640.00,call,0.01,0.01,0.00,0,0.01,3690,0,2609,2024-05-06,0.18827,0.00106,0.00010,-0.00142,0.00654,0.00068
SPY240621C00645000,SPY,2024-06-21,645.00,call,0.01,0.01,0.00,0,0.01,4063,0,1160,2024-05-06,0.19468,0.00103,0.00010,-0.00142,0.00635,0.00066
SPY240621C00650000,SPY,2024-06-21,650.00,call,0.01,0.01,0.00,0,0.01,4543,0,1967,2024-05-06,0.20093,0.00100,0.00009,-0.00142,0.00615,0.00064
SPY240621C00655000,SPY,2024-06-21,655.00,call,0.02,0.01,0.00,0,0.01,5560,0,251,2024-05-06,0.20718,0.00097,0.00009,-0.00142,0.00599,0.00062
SPY240621C00660000,SPY,2024-06-21,660.00,call,0.01,0.01,0.00,0,0.01,5560,0,780,2024-05-06,0.21342,0.00094,0.00008,-0.00143,0.00585,0.00060
SPY240621C00665000,SPY,2024-06-21,665.00,call,0.01,0.01,0.00,0,0.01,5560,0,413,2024-05-06,0.21967,0.00092,0.00008,-0.00144,0.00574,0.00059
SPY240621C00670000,SPY,2024-06-21,670.00,call,0.01,0.01,0.00,0,0.01,5560,0,1222,2024-05-06,0.22562,0.00089,0.00007,-0.00143,0.00558,0.00057
SPY240621C00675000,SPY,2024-06-21,675.00,call,0.01,0.01,0.00,0,0.01,5560,0,5651,2024-05-06,0.23172,0.00088,0.00007,-0.00144,0.00547,0.00056
SPY240621C00680000,SPY,2024-06-21,680.00,call,0.01,0.01,0.00,0,0.01,5560,0,8210,2024-05-06,0.23766,0.00086,0.00007,-0.00145,0.00535,0.00054
SPY240628C00300000,SPY,2024-06-28,300.00,call,207.68,218.42,218.13,75,218.71,100,0,17,2024-05-06,0.12461,1.00000,0.00000,-0.04347,0.00000,0.43226
SPY240628C00305000,SPY,2024-06-28,305.00,call,204.20,213.46,213.17,75,213.75,100,0,4,2024-05-06,0.12173,1.00000,0.00000,-0.04419,0.00000,0.43946
SPY240628C00310000,SPY,2024-06-28,310.00,call,215.50,208.50,208.21,75,208.79,100,0,1,2024-05-06,0.11886,1.00000,0.00000,-0.04492,0.00000,0.44667
SPY240628C00315000,SPY,2024-06-28,315.00,call,203.85,203.53,203.25,75,203.82,100,0,171,2024-05-06,0.11598,1.00000,0.00000,-0.04564,0.00000,0.45387
SPY240628C00320000,SPY,2024-06-28,320.00,call,196.63,198.57,198.29,75,198.86,100,0,41,2024-05-06,0.11310,1.00000,0.00000,-0.04637,0.00000,0.46108
SPY240628C00325000,SPY,2024-06-28,325.00,call,178.85,193.62,193.33,75,193.90,100,0,19,2024-05-06,0.11022,1.00000,0.00000,-0.04709,0.00000,0.46828
SPY240628C00330000,SPY,2024-06-28,330.00,call,187.48,188.65,188.37,75,188.93,100,0,8,2024-05-06,0.10735,1.00000,0.00000,-0.04782,0.00000,0.47548
SPY240628C00335000,SPY,2024-06-28,335.00,call,166.38,183.69,183.41,75,183.97,100,0,10,2024-05-06,0.10447,1.00000,0.00000,-0.04854,0.00000,0.48269
SPY240628C00340000,SPY,2024-06-28,340.00,call,169.05,178.74,178.46,75,179.01,100,0,66,2024-05-06,0.10159,1.00000,0.00000,-0.04927,0.00000,0.48989
SPY240628C00345000,SPY,2024-06-28,345.00,call,180.63,173.78,173.50,75,174.05,100,0,102,2024-05-06,0.09872,1.00000,0.00000,-0.04999,0.00000,0.49710
SPY240628C00350000,SPY,2024-06-28,350.00,call,154.33,168.81,168.54,75,169.09,100,0,231,2024-05-06,0.09584,1.00000,0.00000,-0.05072,0.00000,0.50430
SPY240628C00355000,SPY,2024-06-28,355.00,call,144.66,163.86,163.58,75,164.13,100,0,6,2024-05-06,0.09296,1.00000,0.00000,-0.05144,0.00000,0.51151
SPY240628C00360000,SPY,2024-06-28,360.00,call,144.05,158.89,158.62,75,159.17,100,0,144,2024-05-06,0.09009,1.00000,0.00000,-0.05216,0.00000,0.51871
SPY240628C00365000,SPY,2024-06-28,365.00,call,142.33,153.94,153.67,75,154.21,100,0,56,2024-05-06,0.08721,1.00000,0.00000,-0.05289,0.00000,0.52591
SPY240628C00370000,SPY,2024-06-28,370.00,call,137.50,148.98,148.71,75,149.25,100,0,203,2024-05-06,0.08433,1.00000,0.00000,-0.05361,0.00000,0.53312
SPY240628C00375000,SPY,2024-06-28,375.00,call,132.53,144.02,143.75,75,144.29,100,0,457,2024-05-06,0.08146,1.00000,0.00000,-0.05434,0.00000,0.54032
SPY240628C00380000,SPY,2024-06-28,380.00,call,129.15,139.06,138.80,75,139.33,100,0,1122,2024-05-06,0.07858,1.00000,0.00000,-0.05506,0.00000,0.54753
SPY240628C00385000,SPY,2024-06-28,385.00,call,122.40,134.11,133.84,75,134.38,100,0,28,2024-05-06,0.07570,1.00000,0.00000,-0.05579,0.00000,0.55473
SPY240628C00390000,SPY,2024-06-28,390.00,call,112.61,129.15,128.89,75,129.42,100,0,52,2024-05-06,0.07283,1.00000,0.00000,-0.05651,0.00000,0.56194
SPY240628C00395000,SPY,2024-06-28,395.00,call,111.50,124.20,123.94,75,124.46,100,0,21,2024-05-06,0.06995,1.00000,0.00000,-0.05724,0.00000,0.56914
SPY240628C00399000,SPY,2024-06-28,399.00,call,118.30,120.23,119.97,75,120.50,100,0,73,2024-05-06,0.06765,1.00000,0.00000,-0.05782,0.00000,0.57490
SPY240628C00400000,SPY,2024-06-28,400.00,call,114.40,119.25,118.98,75,119.51,100,0,234,2024-05-06,0.06707,1.00000,0.00000,-0.05796,0.00000,0.57634
SPY240628C00401000,SPY,2024-06-28,401.00,call,81.72,118.25,117.99,75,118.52,100,0,23,2024-05-06,0.06650,1.00000,0.00000,-0.05811,0.00000,0.57778
SPY240628C00402000,SPY,2024-06-28,402.00,call,72.09,117.27,117.00,75,117.53,100,0,56,2024-05-06,0.06592,1.00000,0.00000,-0.05825,0.00000,0.57923
SPY240628C00403000,SPY,2024-06-28,403.00,call,90.02,116.28,116.01,75,116.54,100,0,120,2024-05-06,0.06535,1.00000,0.00000,-0.05840,0.00000,0.58067
SPY240628C00404000,SPY,2024-06-28,404.00,call,105.09,115.28,115.02,75,115.55,100,0,110,2024-05-06,0.06477,1.00000,0.00000,-0.05854,0.00000,0.58211
SPY240628C00405000,SPY,2024-06-28,405.00,call,115.83,114.30,114.03,75,114.56,100,0,176,2024-05-06,0.06419,1.00000,0.00000,-0.05869,0.00000,0.58355
SPY240628C00406000,SPY,2024-06-28,406.00,call,107.17,113.31,113.04,75,113.57,100,0,107,2024-05-06,0.06362,1.00000,0.00000,-0.05883,0.00000,0.58499
SPY240628C00407000,SPY,2024-06-28,407.00,call,80.64,112.31,112.05,75,112.58,100,0,251,2024-05-06,0.06304,1.00000,0.00000,-0.05897,0.00000,0.58643
SPY240628C00408000,SPY,2024-06-28,408.00,call,102.47,111.33,111.06,75,111.59,100,0,251,2024-05-06,0.06247,1.00000,0.00000,-0.05912,0.00000,0.58787
SPY240628C00409000,SPY,2024-06-28,409.00,call,72.67,110.33,110.07,75,110.59,100,0,5,2024-05-06,0.06189,1.00000,0.00000,-0.05926,0.00000,0.58931
SPY240628C00410000,SPY,2024-06-28,410.00,call,104.57,109.34,109.08,75,109.61,100,0,110,2024-05-06,0.06132,1.00000,0.00000,-0.05941,0.00000,0.59075
SPY240628C00411000,SPY,2024-06-28,411.00,call,77.66,108.35,108.09,75,108.61,100,0,50,2024-05-06,0.06074,1.00000,0.00000,-0.05955,0.00000,0.59219
SPY240628C00412000,SPY,2024-06-28,412.00,call,77.98,107.37,107.11,75,107.62,100,0,122,2024-05-06,0.06017,1.00000,0.00000,-0.05970,0.00000,0.59363
SPY240628C00413000,SPY,2024-06-28,413.00,call,109.29,106.38,106.12,75,106.64,100,0,49,2024-05-06,0.05959,1.00000,0.00000,-0.05984,0.00000,0.59508
SPY240628C00414000,SPY,2024-06-28,414.00,call,76.05,105.39,105.13,75,105.65,100,0,24,2024-05-06,0.05902,1.00000,0.00000,-0.05999,0.00000,0.59652
SPY240628C00415000,SPY,2024-06-28,415.00,call,85.15,104.40,104.14,75,104.66,100,0,429,2024-05-06,0.05844,1.00000,0.00000,-0.06013,0.00000,0.59796
SPY240628C00416000,SPY,2024-06-28,416.00,call,70.60,103.41,103.15,75,103.67,100,0,178,2024-05-06,0.05787,1.00000,0.00000,-0.06028,0.00000,0.59940
SPY240628C00417000,SPY,2024-06-28,417.00,call,71.50,102.42,102.16,75,102.68,100,0,112,2024-05-06,0.05729,1.00000,0.00000,-0.06042,0.00000,0.60084
SPY240628C00418000,SPY,2024-06-28,418.00,call,68.04,101.43,101.17,75,101.69,100,0,118,2024-05-06,0.05671,1.00000,0.00000,-0.06057,0.00000,0.60228
SPY240628C00419000,SPY,2024-06-28,419.00,call,98.32,100.44,100.18,75,100.70,100,0,281,2024-05-06,0.05614,1.00000,0.00000,-0.06071,0.00000,0.60372
SPY240628C00420000,SPY,2024-06-28,420.00,call,88.38,99.45,99.19,75,99.71,100,0,1428,2024-05-06,0.05556,1.00000,0.00000,-0.06086,0.00000,0.60516
SPY240628C00421000,SPY,2024-06-28,421.00,call,78.18,98.46,98.20,75,98.72,100,0,36,2024-05-06,0.05499,1.00000,0.00000,-0.06100,0.00000,0.60660
SPY240628C00422000,SPY,2024-06-28,422.00,call,107.25,97.47,97.22,75,97.73,100,0,129,2024-05-06,0.05441,1.00000,0.00000,-0.06115,0.00000,0.60804
SPY240628C00423000,SPY,2024-06-28,423.00,call,97.97,96.48,96.23,75,96.74,100,0,43,2024-05-06,0.05384,1.00000,0.00000,-0.06129,0.00000,0.60948
SPY240628C00424000,SPY,2024-06-28,424.00,call,95.37,95.50,95.24,75,95.75,100,0,96,2024-05-06,0.05326,1.00000,0.00000,-0.06144,0.00000,0.61092
SPY240628C00425000,SPY,2024-06-28,425.00,call,79.32,94.50,94.25,75,94.76,100,0,122,2024-05-06,0.05269,1.00000,0.00000,-0.06158,0.00000,0.61237
SPY240628C00426000,SPY,2024-06-28,426.00,call,102.59,93.52,93.26,75,93.78,100,0,94,2024-05-06,0.05211,1.00000,0.00000,-0.06173,0.00000,0.61381
SPY240628C00427000,SPY,2024-06-28,427.00,call,78.37,92.53,92.28,75,92.79,100,0,143,2024-05-06,0.05154,1.00000,0.00000,-0.06187,0.00000,0.61525
SPY240628C00428000,SPY,2024-06-28,428.00,call,77.99,91.55,91.29,75,91.80,100,0,84,2024-05-06,0.05096,1.00000,0.00000,-0.06202,0.00000,0.61669
SPY240628C00429000,SPY,2024-06-28,429.00,call,79.46,90.56,90.30,75,90.81,100,0,77,2024-05-06,0.05039,1.00000,0.00000,-0.06216,0.00000,0.61813
SPY240628C00430000,SPY,2024-06-28,430.00,call,74.22,89.56,89.31,75,89.82,100,0,418,2024-05-06,0.04981,1.00000,0.00000,-0.06231,0.00000,0.61957
SPY240628C00431000,SPY,2024-06-28,431.00,call,71.71,88.59,88.33,75,88.84,100,0,160,2024-05-06,0.04923,1.00000,0.00000,-0.06245,0.00000,0.62101
SPY240628C00432000,SPY,2024-06-28,432.00,call,96.63,87.59,87.34,75,87.85,100,0,173,2024-05-06,0.04866,1.00000,0.00000,-0.06260,0.00000,0.62245
SPY240628C00433000,SPY,2024-06-28,433.00,call,81.64,86.60,86.35,75,86.86,100,0,554,2024-05-06,0.04808,1.00000,0.00000,-0.06274,0.00000,0.62389
SPY240628C00434000,SPY,2024-06-28,434.00,call,66.87,85.62,85.37,75,85.88,100,0,551,2024-05-06,0.04751,1.00000,0.00000,-0.06289,0.00000,0.62533
SPY240628C00435000,SPY,2024-06-28,435.00,call,69.72,84.63,84.38,75,84.89,100,0,387,2024-05-06,0.04693,1.00000,0.00000,-0.06303,0.00000,0.62677
SPY240628C00436000,SPY,2024-06-28,436.00,call,70.17,83.65,83.39,75,83.90,100,0,447,2024-05-06,0.04636,1.00000,0.00000,-0.06318,0.00000,0.62821
SPY240628C00437000,SPY,2024-06-28,437.00,call,69.19,82.66,82.41,75,82.92,100,0,166,2024-05-06,0.04578,1.00000,0.00000,-0.06332,0.00000,0.62966
SPY240628C00438000,SPY,2024-06-28,438.00,call,79.06,81.68,81.42,75,81.93,100,0,257,2024-05-06,0.04521,1.00000,0.00000,-0.06347,0.00000,0.63110
SPY240628C00439000,SPY,2024-06-28,439.00,call,67.24,80.69,80.44,75,80.95,100,0,632,2024-05-06,0.04463,1.00000,0.00000,-0.06361,0.00000,0.63254
SPY240628C00440000,SPY,2024-06-28,440.00,call,66.10,79.70,79.45,75,79.96,100,0,560,2024-05-06,0.04406,1.00000,0.00000,-0.06376,0.00000,0.63398
SPY240628C00441000,SPY,2024-06-28,441.00,call,69.53,78.72,78.47,75,78.98,100,0,243,2024-05-06,0.04348,1.00000,0.00000,-0.06390,0.00000,0.63542
SPY240628C00442000,SPY,2024-06-28,442.00,call,74.19,77.73,77.48,75,77.99,100,0,128,2024-05-06,0.04291,1.00000,0.00000,-0.06405,0.00000,0.63686
SPY240628C00443000,SPY,2024-06-28,443.00,call,85.64,76.75,76.50,75,77.01,100,0,268,2024-05-06,0.04233,1.00000,0.00000,-0.06419,0.00000,0.63830
SPY240628C00444000,SPY,2024-06-28,444.00,call,65.98,75.77,75.52,75,76.02,100,0,372,2024-05-06,0.04176,1.00000,0.00000,-0.06434,0.00000,0.63974
SPY240628C00445000,SPY,2024-06-28,445.00,call,61.20,74.78,74.53,75,75.04,100,0,1800,2024-05-06,0.04118,1.00000,0.00000,-0.06448,0.00000,0.64118
SPY240628C00446000,SPY,2024-06-28,446.00,call,57.64,73.81,73.55,75,74.06,100,0,450,2024-05-06,0.04060,1.00000,0.00000,-0.06463,0.00000,0.64262
SPY240628C00447000,SPY,2024-06-28,447.00,call,74.71,72.82,72.57,75,73.07,100,0,684,2024-05-06,0.04003,1.00000,0.00000,-0.06477,0.00000,0.64406
SPY240628C00448000,SPY,2024-06-28,448.00,call,74.68,71.84,71.59,75,72.09,100,0,672,2024-05-06,0.03945,1.00000,0.00000,-0.06492,0.00000,0.64551
SPY240628C00449000,SPY,2024-06-28,449.00,call,68.71,70.86,70.61,75,71.11,100,1,151,2024-05-06,0.03888,1.00000,0.00000,-0.06506,0.00000,0.64695
SPY240628C00450000,SPY,2024-06-28,450.00,call,68.03,69.88,69.63,75,70.13,100,4,1975,2024-05-06,0.03830,1.00000,0.00000,-0.06521,0.00000,0.64839
SPY240628C00451000,SPY,2024-06-28,451.00,call,59.21,68.90,68.65,75,69.15,100,0,267,2024-05-06,0.03773,1.00000,0.00000,-0.06535,0.00000,0.64983
SPY240628C00452000,SPY,2024-06-28,452.00,call,66.07,67.92,67.67,75,68.17,100,1,222,2024-05-06,0.03715,1.00000,0.00000,-0.06550,0.00000,0.65127
SPY240628C00453000,SPY,2024-06-28,453.00,call,52.13,66.94,66.69,153,67.19,153,0,50,2024-05-06,0.03658,1.00000,0.00000,-0.06564,0.00000,0.65271
SPY240628C00454000,SPY,2024-06-28,454.00,call,57.18,65.96,65.71,153,66.21,153,0,281,2024-05-06,0.03600,1.00000,0.00000,-0.06579,0.00000,0.65415
SPY240628C00455000,SPY,2024-06-28,455.00,call,63.05,64.98,64.74,153,65.23,153,7,928,2024-05-06,0.03543,1.00000,0.00000,-0.06593,0.00000,0.65559
SPY240628C00456000,SPY,2024-06-28,456.00,call,62.11,64.01,63.76,153,64.26,153,1,1419,2024-05-06,0.03485,1.00000,0.00000,-0.06608,0.00000,0.65703
SPY240628C00457000,SPY,2024-06-28,457.00,call,49.72,63.03,62.78,153,63.28,153,0,558,2024-05-06,0.03428,1.00000,0.00000,-0.06622,0.00000,0.65847
SPY240628C00458000,SPY,2024-06-28,458.00,call,60.01,62.05,61.81,153,62.30,153,3,300,2024-05-06,0.03370,1.00000,0.00000,-0.06636,0.00000,0.65991
SPY240628C00459000,SPY,2024-06-28,459.00,call,47.82,61.09,60.84,153,61.33,153,0,657,2024-05-06,0.03312,1.00000,0.00000,-0.06651,0.00000,0.66135
SPY240628C00460000,SPY,2024-06-28,460.00,call,58.05,60.11,59.86,153,60.36,153,2,2909,2024-05-06,0.03255,1.00000,0.00000,-0.06665,0.00000,0.66280
SPY240628C00461000,SPY,2024-06-28,461.00,call,48.72,59.14,58.89,153,59.38,153,0,690,2024-05-06,0.11373,0.99765,0.00033,-0.06817,0.01447,0.66245
SPY240628C00462000,SPY,2024-06-28,462.00,call,44.04,58.16,57.92,153,58.41,153,0,692,2024-05-06,0.11861,0.99614,0.00049,-0.06918,0.02259,0.66274
SPY240628C00463000,SPY,2024-06-28,463.00,call,46.83,57.20,56.95,153,57.44,153,0,1185,2024-05-06,0.12715,0.99273,0.00080,-0.07129,0.03966,0.66158
SPY240628C00464000,SPY,2024-06-28,464.00,call,51.03,56.22,55.98,153,56.47,153,0,1813,2024-05-06,0.12791,0.99146,0.00092,-0.07209,0.04568,0.66205
SPY240628C00465000,SPY,2024-06-28,465.00,call,53.17,55.27,55.02,153,55.51,153,1,3220,2024-05-06,0.13355,0.98759,0.00122,-0.07440,0.06330,0.66052
SPY240628C00466000,SPY,2024-06-28,466.00,call,48.59,54.30,54.05,153,54.54,153,0,1629,2024-05-06,0.13462,0.98555,0.00138,-0.07558,0.07217,0.66041
SPY240628C00467000,SPY,2024-06-28,467.00,call,41.48,53.33,53.09,153,53.57,153,0,948,2024-05-06,0.13523,0.98357,0.00154,-0.07669,0.08061,0.66032
SPY240628C00468000,SPY,2024-06-28,468.00,call,50.58,52.36,52.12,153,52.61,153,1,787,2024-05-06,0.13553,0.98158,0.00169,-0.07776,0.08885,0.66025
SPY240628C00469000,SPY,2024-06-28,469.00,call,40.88,51.41,51.16,153,51.65,153,0,683,2024-05-06,0.13766,0.97807,0.00193,-0.07965,0.10305,0.65899
SPY240628C00470000,SPY,2024-06-28,470.00,call,37.47,50.45,50.20,153,50.69,153,0,1121,2024-05-06,0.13812,0.97549,0.00211,-0.08096,0.11315,0.65845
SPY240628C00471000,SPY,2024-06-28,471.00,call,51.99,49.49,49.25,153,49.73,153,0,373,2024-05-06,0.13843,0.97282,0.00230,-0.08227,0.12339,0.65784
SPY240628C00472000,SPY,2024-06-28,472.00,call,34.80,48.53,48.29,153,48.77,153,0,2680,2024-05-06,0.13843,0.97020,0.00248,-0.08349,0.13321,0.65727
SPY240628C00473000,SPY,2024-06-28,473.00,call,33.29,47.60,47.35,153,47.85,153,0,263,2024-05-06,0.14041,0.96549,0.00276,-0.08579,0.15035,0.65508
SPY240628C00474000,SPY,2024-06-28,474.00,call,44.71,46.64,46.39,153,46.90,153,8,811,2024-05-06,0.13980,0.96298,0.00294,-0.08683,0.15926,0.65460
SPY240628C00475000,SPY,2024-06-28,475.00,call,43.66,45.70,45.45,153,45.95,153,8,1261,2024-05-06,0.14041,0.95902,0.00318,-0.08858,0.17299,0.65299
SPY240628C00476000,SPY,2024-06-28,476.00,call,36.13,44.75,44.50,153,45.00,153,0,1895,2024-05-06,0.14010,0.95578,0.00339,-0.08988,0.18396,0.65194
SPY240628C00477000,SPY,2024-06-28,477.00,call,39.44,43.80,43.55,153,44.05,153,0,411,2024-05-06,0.13965,0.95251,0.00360,-0.09112,0.19483,0.65087
SPY240628C00478000,SPY,2024-06-28,478.00,call,36.52,42.86,42.61,153,43.11,153,0,264,2024-05-06,0.13949,0.94867,0.00384,-0.09259,0.20732,0.64935
SPY240628C00479000,SPY,2024-06-28,479.00,call,37.39,41.92,41.67,153,42.17,153,0,729,2024-05-06,0.13919,0.94477,0.00407,-0.09399,0.21970,0.64779
SPY240628C00480000,SPY,2024-06-28,480.00,call,39.77,40.98,40.74,153,41.23,153,10,4139,2024-05-06,0.13873,0.94083,0.00431,-0.09534,0.23195,0.64620
SPY240628C00481000,SPY,2024-06-28,481.00,call,25.53,40.05,39.81,153,40.30,153,0,2332,2024-05-06,0.13858,0.93625,0.00458,-0.09692,0.24586,0.64411
SPY240628C00482000,SPY,2024-06-28,482.00,call,37.17,39.12,38.88,153,39.36,153,1,193,2024-05-06,0.13812,0.93181,0.00484,-0.09833,0.25902,0.64214
SPY240628C00483000,SPY,2024-06-28,483.00,call,33.02,38.20,37.95,153,38.44,153,0,5506,2024-05-06,0.13797,0.92669,0.00512,-0.09997,0.27383,0.63963
SPY240628C00484000,SPY,2024-06-28,484.00,call,36.16,37.27,37.03,153,37.51,153,9,1748,2024-05-06,0.13721,0.92217,0.00539,-0.10122,0.28662,0.63759
SPY240628C00485000,SPY,2024-06-28,485.00,call,35.00,36.35,36.11,153,36.59,153,28,2946,2024-05-06,0.13675,0.91694,0.00568,-0.10270,0.30105,0.63500
SPY240628C00486000,SPY,2024-06-28,486.00,call,23.34,35.44,35.20,153,35.67,153,0,583,2024-05-06,0.13629,0.91142,0.00598,-0.10419,0.31589,0.63219
SPY240628C00487000,SPY,2024-06-28,487.00,call,32.58,34.52,34.29,153,34.76,153,1,2739,2024-05-06,0.13553,0.90609,0.00628,-0.10549,0.32988,0.62952
SPY240628C00488000,SPY,2024-06-28,488.00,call,31.73,33.62,33.39,153,33.85,153,2,335,2024-05-06,0.13507,0.89999,0.00660,-0.10700,0.34548,0.62626
SPY240628C00489000,SPY,2024-06-28,489.00,call,26.38,32.72,32.49,153,32.95,153,0,158,2024-05-06,0.13462,0.89357,0.00693,-0.10853,0.36144,0.62275
SPY240628C00490000,SPY,2024-06-28,490.00,call,31.00,31.82,31.59,153,32.05,153,2,989,2024-05-06,0.13385,0.88734,0.00726,-0.10983,0.37651,0.61938
SPY240628C00491000,SPY,2024-06-28,491.00,call,29.18,30.93,30.70,153,31.16,153,1,5,2024-05-06,0.13324,0.88054,0.00760,-0.11125,0.39252,0.61557
SPY240628C00492000,SPY,2024-06-28,492.00,call,23.84,30.05,29.82,153,30.27,153,0,148,2024-05-06,0.13279,0.87314,0.00796,-0.11276,0.40941,0.61129
SPY240628C00493000,SPY,2024-06-28,493.00,call,27.42,29.12,28.94,410,29.29,132,1,128,2024-05-06,0.13096,0.86777,0.00830,-0.11326,0.42134,0.60861
SPY240628C00494000,SPY,2024-06-28,494.00,call,17.36,28.25,28.07,410,28.42,132,0,63,2024-05-06,0.13035,0.85995,0.00868,-0.11463,0.43823,0.60402
SPY240628C00495000,SPY,2024-06-28,495.00,call,25.65,27.38,27.20,410,27.55,121,7,4844,2024-05-06,0.12959,0.85204,0.00906,-0.11587,0.45479,0.59935
SPY240628C00496000,SPY,2024-06-28,496.00,call,21.53,26.52,26.35,410,26.69,131,0,232,2024-05-06,0.12898,0.84348,0.00945,-0.11720,0.47209,0.59417
SPY240628C00497000,SPY,2024-06-28,497.00,call,16.37,25.67,25.50,410,25.84,157,0,213,2024-05-06,0.12837,0.83453,0.00984,-0.11848,0.48953,0.58870
SPY240628C00498000,SPY,2024-06-28,498.00,call,23.02,24.82,24.65,410,24.99,126,19,136,2024-05-06,0.12760,0.82547,0.01025,-0.11962,0.50655,0.58313
SPY240628C00499000,SPY,2024-06-28,499.00,call,23.31,23.98,23.82,410,24.15,110,8,1301,2024-05-06,0.12684,0.81600,0.01065,-0.12071,0.52366,0.57725
SPY240628C00500000,SPY,2024-06-28,500.00,call,23.00,23.16,22.99,416,23.32,119,25,2294,2024-05-06,0.12623,0.80586,0.01107,-0.12186,0.54126,0.57084
SPY240628C00501000,SPY,2024-06-28,501.00,call,21.45,22.34,22.17,410,22.50,124,12,925,2024-05-06,0.12562,0.79530,0.01148,-0.12295,0.55879,0.56410
SPY240628C00502000,SPY,2024-06-28,502.00,call,19.94,21.53,21.37,410,21.69,163,5,214,2024-05-06,0.12486,0.78459,0.01190,-0.12386,0.57579,0.55725
SPY240628C00503000,SPY,2024-06-28,503.00,call,20.21,20.77,20.57,410,20.97,335,8,210,2024-05-06,0.12486,0.77215,0.01229,-0.12525,0.59456,0.54902
SPY240628C00504000,SPY,2024-06-28,504.00,call,19.55,19.94,19.78,416,20.09,91,10,294,2024-05-06,0.12349,0.76162,0.01274,-0.12557,0.60968,0.54232
SPY240628C00505000,SPY,2024-06-28,505.00,call,19.22,19.17,19.03,341,19.31,50,135,9613,2024-05-06,0.12288,0.74936,0.01316,-0.12634,0.62637,0.53425
SPY240628C00506000,SPY,2024-06-28,506.00,call,18.57,18.41,18.30,341,18.53,118,32,385,2024-05-06,0.12227,0.73668,0.01357,-0.12701,0.64266,0.52584
SPY240628C00507000,SPY,2024-06-28,507.00,call,17.63,17.67,17.62,66,17.72,8,3,290,2024-05-06,0.12181,0.72335,0.01396,-0.12769,0.65875,0.51691
SPY240628C00508000,SPY,2024-06-28,508.00,call,16.35,16.94,16.89,50,16.98,10,34,1155,2024-05-06,0.12135,0.70961,0.01434,-0.12824,0.67422,0.50767
SPY240628C00509000,SPY,2024-06-28,509.00,call,16.00,16.20,16.16,200,16.25,16,16,762,2024-05-06,0.12044,0.69611,0.01475,-0.12836,0.68838,0.49862
SPY240628C00510000,SPY,2024-06-28,510.00,call,15.52,15.49,15.45,75,15.53,25,83,2975,2024-05-06,0.11983,0.68177,0.01513,-0.12856,0.70230,0.48889
SPY240628C00511000,SPY,2024-06-28,511.00,call,14.78,14.79,14.75,223,14.83,33,24,580,2024-05-06,0.11922,0.66702,0.01549,-0.12862,0.71542,0.47884
SPY240628C00512000,SPY,2024-06-28,512.00,call,13.32,14.11,14.07,200,14.14,33,8,1039,2024-05-06,0.11861,0.65190,0.01583,-0.12854,0.72766,0.46849
SPY240628C00513000,SPY,2024-06-28,513.00,call,13.10,13.44,13.40,229,13.47,42,100,454,2024-05-06,0.11785,0.63654,0.01618,-0.12820,0.73884,0.45795
SPY240628C00514000,SPY,2024-06-28,514.00,call,12.68,12.78,12.75,229,12.81,42,132,395,2024-05-06,0.11724,0.62066,0.01649,-0.12780,0.74909,0.44699
SPY240628C00515000,SPY,2024-06-28,515.00,call,12.21,12.14,12.12,100,12.17,50,630,2454,2024-05-06,0.11648,0.60455,0.01680,-0.12714,0.75817,0.43585
SPY240628C00516000,SPY,2024-06-28,516.00,call,11.62,11.53,11.50,100,11.55,50,410,642,2024-05-06,0.11602,0.58790,0.01704,-0.12652,0.76615,0.42424
SPY240628C00517000,SPY,2024-06-28,517.00,call,10.47,10.93,10.90,109,10.95,59,11,789,2024-05-06,0.11556,0.57098,0.01726,-0.12573,0.77283,0.41241
SPY240628C00518000,SPY,2024-06-28,518.00,call,9.62,10.34,10.31,200,10.36,59,31,2468,2024-05-06,0.11495,0.55388,0.01747,-0.12465,0.77812,0.40044
SPY240628C00519000,SPY,2024-06-28,519.00,call,9.77,9.77,9.74,240,9.80,59,77,1573,2024-05-06,0.11434,0.53653,0.01765,-0.12340,0.78200,0.38826
SPY240628C00520000,SPY,2024-06-28,520.00,call,9.25,9.22,9.20,109,9.25,59,1151,16564,2024-05-06,0.11373,0.51896,0.01780,-0.12196,0.78440,0.37588
SPY240628C00521000,SPY,2024-06-28,521.00,call,8.28,8.70,8.67,109,8.72,69,46,3566,2024-05-06,0.11343,0.50124,0.01787,-0.12057,0.78529,0.36333
SPY240628C00522000,SPY,2024-06-28,522.00,call,8.28,8.19,8.16,109,8.21,69,96,3320,2024-05-06,0.11282,0.48336,0.01795,-0.11877,0.78461,0.35068
SPY240628C00523000,SPY,2024-06-28,523.00,call,7.32,7.69,7.67,109,7.71,59,98,3279,2024-05-06,0.11221,0.46536,0.01799,-0.11680,0.78233,0.33790
SPY240628C00524000,SPY,2024-06-28,524.00,call,7.20,7.21,7.19,240,7.24,69,275,958,2024-05-06,0.11175,0.44736,0.01798,-0.11476,0.77845,0.32509
SPY240628C00525000,SPY,2024-06-28,525.00,call,6.71,6.77,6.74,117,6.79,69,790,6159,2024-05-06,0.11145,0.42948,0.01790,-0.11268,0.77299,0.31232
SPY240628C00526000,SPY,2024-06-28,526.00,call,6.22,6.33,6.31,117,6.35,77,12,1284,2024-05-06,0.11099,0.41154,0.01781,-0.11031,0.76590,0.29949
SPY240628C00527000,SPY,2024-06-28,527.00,call,5.53,5.92,5.89,200,5.94,136,92,771,2024-05-06,0.11053,0.39366,0.01768,-0.10779,0.75723,0.28669
SPY240628C00528000,SPY,2024-06-28,528.00,call,5.13,5.52,5.49,246,5.54,136,53,665,2024-05-06,0.11007,0.37589,0.01751,-0.10512,0.74698,0.27394
SPY240628C00529000,SPY,2024-06-28,529.00,call,4.96,5.14,5.12,117,5.16,136,25,562,2024-05-06,0.10977,0.35848,0.01729,-0.10244,0.73535,0.26142
SPY240628C00530000,SPY,2024-06-28,530.00,call,4.78,4.78,4.76,117,4.80,136,620,5865,2024-05-06,0.10931,0.34107,0.01705,-0.09950,0.72212,0.24889
SPY240628C00531000,SPY,2024-06-28,531.00,call,4.02,4.44,4.41,252,4.46,155,9,381,2024-05-06,0.10901,0.32413,0.01676,-0.09658,0.70769,0.23667
SPY240628C00532000,SPY,2024-06-28,532.00,call,4.11,4.11,4.09,200,4.13,155,16,345,2024-05-06,0.10855,0.30721,0.01645,-0.09341,0.69171,0.22447
SPY240628C00533000,SPY,2024-06-28,533.00,call,3.58,3.80,3.78,252,3.82,155,414,120,2024-05-06,0.10809,0.29059,0.01610,-0.09014,0.67444,0.21245
SPY240628C00534000,SPY,2024-06-28,534.00,call,3.48,3.51,3.49,252,3.53,155,41,297,2024-05-06,0.10779,0.27459,0.01571,-0.08694,0.65633,0.20087
SPY240628C00535000,SPY,2024-06-28,535.00,call,3.20,3.24,3.22,158,3.25,40,142,8795,2024-05-06,0.10748,0.25899,0.01530,-0.08367,0.63720,0.18956
SPY240628C00536000,SPY,2024-06-28,536.00,call,2.82,2.98,2.96,285,3.00,171,261,593,2024-05-06,0.10718,0.24379,0.01486,-0.08036,0.61716,0.17853
SPY240628C00537000,SPY,2024-06-28,537.00,call,2.72,2.74,2.72,285,2.75,40,264,230,2024-05-06,0.10687,0.22904,0.01440,-0.07700,0.59631,0.16782
SPY240628C00538000,SPY,2024-06-28,538.00,call,2.40,2.51,2.50,142,2.53,239,73,367,2024-05-06,0.10642,0.21439,0.01393,-0.07345,0.57422,0.15717
SPY240628C00539000,SPY,2024-06-28,539.00,call,2.17,2.29,2.28,338,2.31,40,19,5053,2024-05-06,0.10596,0.20022,0.01343,-0.06989,0.55145,0.14686
SPY240628C00540000,SPY,2024-06-28,540.00,call,2.10,2.10,2.09,150,2.11,40,430,5795,2024-05-06,0.10581,0.18725,0.01291,-0.06666,0.52938,0.13740
SPY240628C00541000,SPY,2024-06-28,541.00,call,1.92,1.92,1.90,415,1.93,90,88,5189,2024-05-06,0.10565,0.17480,0.01239,-0.06344,0.50704,0.12832
SPY240628C00542000,SPY,2024-06-28,542.00,call,1.71,1.75,1.73,367,1.76,308,111,418,2024-05-06,0.10535,0.16251,0.01185,-0.06009,0.48382,0.11936
SPY240628C00543000,SPY,2024-06-28,543.00,call,1.42,1.58,1.57,415,1.60,513,8,302,2024-05-06,0.10489,0.15038,0.01131,-0.05661,0.45974,0.11050
SPY240628C00544000,SPY,2024-06-28,544.00,call,1.29,1.44,1.43,200,1.45,90,99,368,2024-05-06,0.10474,0.13952,0.01077,-0.05351,0.43712,0.10257
SPY240628C00545000,SPY,2024-06-28,545.00,call,1.15,1.30,1.29,181,1.31,40,172,2547,2024-05-06,0.10443,0.12884,0.01023,-0.05030,0.41384,0.09475
SPY240628C00546000,SPY,2024-06-28,546.00,call,1.02,1.18,1.17,200,1.19,102,2,3930,2024-05-06,0.10428,0.11905,0.00969,-0.04733,0.39157,0.08759
SPY240628C00547000,SPY,2024-06-28,547.00,call,0.95,1.06,1.05,375,1.07,100,15,726,2024-05-06,0.10398,0.10944,0.00915,-0.04428,0.36879,0.08055
SPY240628C00548000,SPY,2024-06-28,548.00,call,0.92,0.96,0.95,287,0.97,832,9,736,2024-05-06,0.10382,0.10071,0.00863,-0.04147,0.34724,0.07415
SPY240628C00549000,SPY,2024-06-28,549.00,call,0.83,0.86,0.86,278,0.87,150,100,336,2024-05-06,0.10352,0.09215,0.00811,-0.03860,0.32531,0.06787
SPY240628C00550000,SPY,2024-06-28,550.00,call,0.77,0.78,0.77,346,0.79,2363,403,7750,2024-05-06,0.10352,0.08476,0.00762,-0.03613,0.30566,0.06245
SPY240628C00551000,SPY,2024-06-28,551.00,call,0.42,0.70,0.69,293,0.71,1952,0,616,2024-05-06,0.10337,0.07752,0.00713,-0.03361,0.28574,0.05713
SPY240628C00552000,SPY,2024-06-28,552.00,call,0.54,0.63,0.62,299,0.64,2979,12,450,2024-05-06,0.10337,0.07105,0.00668,-0.03134,0.26735,0.05238
SPY240628C00553000,SPY,2024-06-28,553.00,call,0.56,0.56,0.56,300,0.57,150,87,773,2024-05-06,0.10306,0.06444,0.00621,-0.02888,0.24792,0.04752
SPY240628C00554000,SPY,2024-06-28,554.00,call,0.45,0.51,0.50,442,0.51,101,167,3779,2024-05-06,0.10321,0.05912,0.00580,-0.02696,0.23180,0.04361
SPY240628C00555000,SPY,2024-06-28,555.00,call,0.46,0.46,0.45,469,0.46,141,46,5333,2024-05-06,0.10337,0.05418,0.00540,-0.02512,0.21639,0.03997
SPY240628C00556000,SPY,2024-06-28,556.00,call,0.36,0.41,0.41,315,0.42,2674,10,238,2024-05-06,0.10321,0.04909,0.00500,-0.02312,0.20005,0.03622
SPY240628C00557000,SPY,2024-06-28,557.00,call,0.30,0.38,0.37,328,0.38,2473,1,205,2024-05-06,0.10398,0.04583,0.00470,-0.02197,0.18934,0.03382
SPY240628C00558000,SPY,2024-06-28,558.00,call,0.29,0.34,0.33,311,0.34,300,11,645,2024-05-06,0.10398,0.04164,0.00435,-0.02028,0.17524,0.03074
SPY240628C00559000,SPY,2024-06-28,559.00,call,0.12,0.30,0.30,355,0.31,1571,0,326,2024-05-06,0.10367,0.03733,0.00399,-0.01845,0.16035,0.02757
SPY240628C00560000,SPY,2024-06-28,560.00,call,0.28,0.28,0.27,338,0.28,282,141,3557,2024-05-06,0.10443,0.03483,0.00374,-0.01751,0.15148,0.02572
SPY240628C00561000,SPY,2024-06-28,561.00,call,0.18,0.26,0.25,304,0.26,2477,0,3005,2024-05-06,0.10520,0.03250,0.00351,-0.01662,0.14311,0.02400
SPY240628C00562000,SPY,2024-06-28,562.00,call,0.17,0.23,0.22,484,0.23,150,0,68,2024-05-06,0.10504,0.02922,0.00322,-0.01515,0.13102,0.02158
SPY240628C00563000,SPY,2024-06-28,563.00,call,0.18,0.21,0.20,317,0.21,150,19,596,2024-05-06,0.10550,0.02691,0.00299,-0.01418,0.12235,0.01988
SPY240628C00564000,SPY,2024-06-28,564.00,call,0.11,0.20,0.19,304,0.20,2606,0,3149,2024-05-06,0.10657,0.02545,0.00283,-0.01363,0.11679,0.01880
SPY240628C00565000,SPY,2024-06-28,565.00,call,0.16,0.17,0.17,319,0.18,1751,179,2026,2024-05-06,0.10581,0.02219,0.00254,-0.01203,0.10405,0.01639
SPY240628C00566000,SPY,2024-06-28,566.00,call,0.10,0.17,0.16,259,0.17,2500,0,835,2024-05-06,0.10779,0.02190,0.00246,-0.01209,0.10293,0.01618
SPY240628C00567000,SPY,2024-06-28,567.00,call,0.15,0.15,0.15,186,0.16,2963,55,57,2024-05-06,0.10763,0.01961,0.00225,-0.01097,0.09373,0.01449
SPY240628C00568000,SPY,2024-06-28,568.00,call,0.13,0.14,0.13,322,0.14,200,120,604,2024-05-06,0.10840,0.01832,0.00211,-0.01041,0.08846,0.01354
SPY240628C00569000,SPY,2024-06-28,569.00,call,0.11,0.12,0.12,322,0.13,1751,5,267,2024-05-06,0.10779,0.01599,0.00189,-0.00920,0.07876,0.01182
SPY240628C00570000,SPY,2024-06-28,570.00,call,0.11,0.12,0.12,177,0.13,2948,23,2220,2024-05-06,0.10962,0.01577,0.00183,-0.00922,0.07782,0.01166
SPY240628C00575000,SPY,2024-06-28,575.00,call,0.08,0.08,0.08,319,0.09,1751,32,1330,2024-05-06,0.11236,0.01071,0.00128,-0.00670,0.05568,0.00791
SPY240628C00580000,SPY,2024-06-28,580.00,call,0.06,0.07,0.06,319,0.07,1751,164,6011,2024-05-06,0.11892,0.00908,0.00105,-0.00608,0.04820,0.00671
SPY240628C00585000,SPY,2024-06-28,585.00,call,0.04,0.06,0.05,309,0.06,2459,4,1703,2024-05-06,0.12471,0.00752,0.00085,-0.00537,0.04088,0.00556
SPY240628C00590000,SPY,2024-06-28,590.00,call,0.04,0.04,0.04,309,0.05,2459,1,319,2024-05-06,0.12684,0.00515,0.00059,-0.00388,0.02922,0.00380
SPY240628C00595000,SPY,2024-06-28,595.00,call,0.04,0.04,0.03,319,0.04,1759,164,928,2024-05-06,0.13431,0.00487,0.00053,-0.00388,0.02780,0.00359
SPY240628C00600000,SPY,2024-06-28,600.00,call,0.03,0.04,0.03,177,0.04,2459,139,5762,2024-05-06,0.14178,0.00465,0.00049,-0.00391,0.02667,0.00343
SPY240719C00250000,SPY,2024-07-19,250.00,call,253.88,268.05,267.74,75,268.35,75,0,11,2024-05-06,0.11043,1.00000,0.00000,-0.03611,0.00000,0.50140
SPY240719C00255000,SPY,2024-07-19,255.00,call,261.29,263.08,262.78,75,263.39,75,0,3,2024-05-06,0.10836,1.00000,0.00000,-0.03684,0.00000,0.51143
SPY240719C00260000,SPY,2024-07-19,260.00,call,0.00,258.12,257.82,75,258.43,75,0,0,2024-05-06,0.10629,1.00000,0.00000,-0.03756,0.00000,0.52146
SPY240719C00265000,SPY,2024-07-19,265.00,call,0.00,253.16,252.86,75,253.46,75,0,0,2024-05-06,0.10422,1.00000,0.00000,-0.03828,0.00000,0.53149
SPY240719C00270000,SPY,2024-07-19,270.00,call,254.57,248.20,247.90,75,248.50,75,0,0,2024-05-06,0.10215,1.00000,0.00000,-0.03900,0.00000,0.54151
SPY240719C00275000,SPY,2024-07-19,275.00,call,0.00,243.24,242.94,75,243.53,75,0,0,2024-05-06,0.10008,1.00000,0.00000,-0.03973,0.00000,0.55154
SPY240719C00280000,SPY,2024-07-19,280.00,call,238.05,238.30,237.98,75,238.61,75,0,49,2024-05-06,0.09800,1.00000,0.00000,-0.04045,0.00000,0.56157
SPY240719C00285000,SPY,2024-07-19,285.00,call,232.88,233.34,233.02,75,233.65,75,0,2,2024-05-06,0.09593,1.00000,0.00000,-0.04117,0.00000,0.57160
SPY240719C00290000,SPY,2024-07-19,290.00,call,0.00,228.37,228.06,75,228.68,75,0,0,2024-05-06,0.09386,1.00000,0.00000,-0.04189,0.00000,0.58163
SPY240719C00295000,SPY,2024-07-19,295.00,call,223.25,223.42,223.11,75,223.72,75,0,49,2024-05-06,0.09179,1.00000,0.00000,-0.04262,0.00000,0.59165
SPY240719C00300000,SPY,2024-07-19,300.00,call,209.87,218.45,218.15,75,218.76,75,0,15,2024-05-06,0.08972,1.00000,0.00000,-0.04334,0.00000,0.60168
SPY240719C00305000,SPY,2024-07-19,305.00,call,215.01,213.50,213.19,75,213.80,75,0,1,2024-05-06,0.08765,1.00000,0.00000,-0.04406,0.00000,0.61171
SPY240719C00310000,SPY,2024-07-19,310.00,call,185.74,208.54,208.24,75,208.84,75,0,3,2024-05-06,0.08558,1.00000,0.00000,-0.04478,0.00000,0.62174
SPY240719C00315000,SPY,2024-07-19,315.00,call,180.89,203.58,203.28,75,203.88,75,0,3,2024-05-06,0.08350,1.00000,0.00000,-0.04550,0.00000,0.63177
SPY240719C00320000,SPY,2024-07-19,320.00,call,207.94,198.63,198.33,75,198.93,75,0,76,2024-05-06,0.08143,1.00000,0.00000,-0.04623,0.00000,0.64179
SPY240719C00325000,SPY,2024-07-19,325.00,call,193.12,193.68,193.38,75,193.97,75,0,75,2024-05-06,0.07936,1.00000,0.00000,-0.04695,0.00000,0.65182
SPY240719C00330000,SPY,2024-07-19,330.00,call,0.00,188.73,188.43,75,189.02,75,0,0,2024-05-06,0.07729,1.00000,0.00000,-0.04767,0.00000,0.66185
SPY240719C00335000,SPY,2024-07-19,335.00,call,183.04,183.77,183.48,75,184.06,75,0,50,2024-05-06,0.07522,1.00000,0.00000,-0.04839,0.00000,0.67188
SPY240719C00340000,SPY,2024-07-19,340.00,call,186.05,178.82,178.53,75,179.11,75,0,28,2024-05-06,0.07315,1.00000,0.00000,-0.04912,0.00000,0.68191
SPY240719C00345000,SPY,2024-07-19,345.00,call,174.88,173.87,173.58,75,174.16,75,0,80,2024-05-06,0.07108,1.00000,0.00000,-0.04984,0.00000,0.69193
SPY240719C00350000,SPY,2024-07-19,350.00,call,164.50,168.93,168.64,75,169.21,75,0,28,2024-05-06,0.06901,1.00000,0.00000,-0.05056,0.00000,0.70196
SPY240719C00355000,SPY,2024-07-19,355.00,call,173.50,163.99,163.70,75,164.27,75,0,9,2024-05-06,0.06693,1.00000,0.00000,-0.05128,0.00000,0.71199
SPY240719C00360000,SPY,2024-07-19,360.00,call,149.91,159.06,158.77,75,159.34,75,0,126,2024-05-06,0.06486,1.00000,0.00000,-0.05200,0.00000,0.72202
SPY240719C00365000,SPY,2024-07-19,365.00,call,144.99,154.13,153.85,75,154.41,75,0,3,2024-05-06,0.06279,1.00000,0.00000,-0.05273,0.00000,0.73205
SPY240719C00370000,SPY,2024-07-19,370.00,call,141.08,149.20,148.92,75,149.49,75,0,18,2024-05-06,0.06072,1.00000,0.00000,-0.05345,0.00000,0.74207
SPY240719C00375000,SPY,2024-07-19,375.00,call,137.99,144.28,144.00,75,144.56,75,0,3,2024-05-06,0.05865,1.00000,0.00000,-0.05417,0.00000,0.75210
SPY240719C00380000,SPY,2024-07-19,380.00,call,127.50,139.36,139.08,75,139.64,75,0,90,2024-05-06,0.05658,1.00000,0.00000,-0.05489,0.00000,0.76213
SPY240719C00385000,SPY,2024-07-19,385.00,call,125.40,134.44,134.16,75,134.71,75,0,191,2024-05-06,0.05451,1.00000,0.00000,-0.05562,0.00000,0.77216
SPY240719C00390000,SPY,2024-07-19,390.00,call,120.74,129.52,129.25,75,129.79,75,0,79,2024-05-06,0.05243,1.00000,0.00000,-0.05634,0.00000,0.78219
SPY240719C00395000,SPY,2024-07-19,395.00,call,118.53,124.60,124.33,75,124.88,75,0,85,2024-05-06,0.05036,1.00000,0.00000,-0.05706,0.00000,0.79221
SPY240719C00400000,SPY,2024-07-19,400.00,call,108.69,119.69,119.42,75,119.96,75,0,213,2024-05-06,0.04829,1.00000,0.00000,-0.05778,0.00000,0.80224
SPY240719C00405000,SPY,2024-07-19,405.00,call,103.27,114.78,114.51,75,115.05,75,0,23,2024-05-06,0.04622,1.00000,0.00000,-0.05851,0.00000,0.81227
SPY240719C00410000,SPY,2024-07-19,410.00,call,108.85,109.87,109.60,75,110.14,75,2,87,2024-05-06,0.04415,1.00000,0.00000,-0.05923,0.00000,0.82230
SPY240719C00415000,SPY,2024-07-19,415.00,call,98.33,104.97,104.70,75,105.23,75,0,170,2024-05-06,0.04208,1.00000,0.00000,-0.05995,0.00000,0.83233
SPY240719C00420000,SPY,2024-07-19,420.00,call,90.66,100.06,99.80,75,100.33,75,0,505,2024-05-06,0.04001,1.00000,0.00000,-0.06067,0.00000,0.84235
SPY240719C00425000,SPY,2024-07-19,425.00,call,83.85,95.17,94.91,75,95.44,75,0,370,2024-05-06,0.03793,1.00000,0.00000,-0.06139,0.00000,0.85238
SPY240719C00430000,SPY,2024-07-19,430.00,call,76.00,90.29,90.03,75,90.55,75,0,660,2024-05-06,0.03586,1.00000,0.00000,-0.06212,0.00000,0.86241
SPY240719C00435000,SPY,2024-07-19,435.00,call,75.04,85.41,85.16,153,85.67,153,0,612,2024-05-06,0.03379,1.00000,0.00000,-0.06284,0.00000,0.87244
SPY240719C00440000,SPY,2024-07-19,440.00,call,68.11,80.55,80.29,153,80.81,153,0,246,2024-05-06,0.03172,1.00000,0.00000,-0.06356,0.00000,0.88247
SPY240719C00445000,SPY,2024-07-19,445.00,call,69.80,75.70,75.45,153,75.96,153,0,502,2024-05-06,0.02965,1.00000,0.00000,-0.06428,0.00000,0.89250
SPY240719C00450000,SPY,2024-07-19,450.00,call,57.66,70.87,70.62,153,71.12,153,0,809,2024-05-06,0.02758,1.00000,0.00000,-0.06501,0.00000,0.90252
SPY240719C00455000,SPY,2024-07-19,455.00,call,61.72,66.06,65.81,153,66.31,153,0,794,2024-05-06,0.02551,1.00000,0.00000,-0.06573,0.00000,0.91255
SPY240719C00460000,SPY,2024-07-19,460.00,call,60.50,61.28,61.03,153,61.53,153,800,716,2024-05-06,0.02344,1.00000,0.00000,-0.06645,0.00000,0.92258
SPY240719C00461000,SPY,2024-07-19,461.00,call,46.64,60.33,60.08,153,60.58,153,0,229,2024-05-06,0.02302,1.00000,0.00000,-0.06660,0.00000,0.92458
SPY240719C00462000,SPY,2024-07-19,462.00,call,45.30,59.38,59.13,153,59.63,153,0,160,2024-05-06,0.02261,1.00000,0.00000,-0.06674,0.00000,0.92659
SPY240719C00463000,SPY,2024-07-19,463.00,call,46.64,58.43,58.18,153,58.68,153,0,178,2024-05-06,0.02219,1.00000,0.00000,-0.06688,0.00000,0.92860
SPY240719C00464000,SPY,2024-07-19,464.00,call,52.80,57.48,57.24,153,57.73,153,0,185,2024-05-06,0.02178,1.00000,0.00000,-0.06703,0.00000,0.93060
SPY240719C00465000,SPY,2024-07-19,465.00,call,51.43,56.53,56.29,153,56.78,153,0,407,2024-05-06,0.02136,1.00000,0.00000,-0.06717,0.00000,0.93261
SPY240719C00466000,SPY,2024-07-19,466.00,call,53.70,55.59,55.35,153,55.84,153,0,214,2024-05-06,0.08797,0.99810,0.00030,-0.06801,0.01410,0.93260
SPY240719C00467000,SPY,2024-07-19,467.00,call,50.00,54.65,54.41,153,54.89,153,0,25,2024-05-06,0.10306,0.99245,0.00087,-0.07026,0.04845,0.92859
SPY240719C00468000,SPY,2024-07-19,468.00,call,48.66,53.71,53.47,153,53.95,153,0,92,2024-05-06,0.10946,0.98769,0.00125,-0.07216,0.07428,0.92551
SPY240719C00469000,SPY,2024-07-19,469.00,call,38.49,52.77,52.53,153,53.01,153,0,163,2024-05-06,0.11327,0.98348,0.00156,-0.07381,0.09571,0.92300
SPY240719C00470000,SPY,2024-07-19,470.00,call,52.03,51.83,51.59,153,52.07,153,8,529,2024-05-06,0.11602,0.97940,0.00184,-0.07536,0.11547,0.92064
SPY240719C00471000,SPY,2024-07-19,471.00,call,37.46,50.90,50.66,153,51.14,153,0,44,2024-05-06,0.11876,0.97476,0.00213,-0.07709,0.13704,0.91766
SPY240719C00472000,SPY,2024-07-19,472.00,call,45.27,49.97,49.73,153,50.21,153,0,769,2024-05-06,0.12059,0.97048,0.00239,-0.07863,0.15615,0.91507
SPY240719C00473000,SPY,2024-07-19,473.00,call,35.96,49.03,48.80,153,49.27,153,0,108,2024-05-06,0.12151,0.96678,0.00262,-0.07990,0.17217,0.91310
SPY240719C00474000,SPY,2024-07-19,474.00,call,35.08,48.11,47.87,153,48.35,153,0,61,2024-05-06,0.12318,0.96190,0.00289,-0.08157,0.19266,0.90985
SPY240719C00475000,SPY,2024-07-19,475.00,call,45.50,47.19,46.95,153,47.42,153,1,298,2024-05-06,0.12440,0.95716,0.00315,-0.08312,0.21188,0.90676
SPY240719C00476000,SPY,2024-07-19,476.00,call,44.88,46.27,46.03,153,46.50,153,10,1528,2024-05-06,0.12516,0.95266,0.00339,-0.08453,0.22962,0.90391
SPY240719C00477000,SPY,2024-07-19,477.00,call,40.47,45.34,45.11,153,45.58,153,0,15,2024-05-06,0.12532,0.94867,0.00361,-0.08568,0.24496,0.90162
SPY240719C00478000,SPY,2024-07-19,478.00,call,42.79,44.43,44.20,153,44.66,153,1,434,2024-05-06,0.12623,0.94338,0.00388,-0.08725,0.26472,0.89792
SPY240719C00479000,SPY,2024-07-19,479.00,call,37.94,43.52,43.29,153,43.75,153,0,337,2024-05-06,0.12669,0.93842,0.00413,-0.08864,0.28275,0.89457
SPY240719C00480000,SPY,2024-07-19,480.00,call,38.11,42.61,42.38,153,42.84,153,0,1193,2024-05-06,0.12699,0.93341,0.00437,-0.08997,0.30051,0.89116
SPY240719C00481000,SPY,2024-07-19,481.00,call,30.83,41.70,41.47,153,41.93,153,0,56,2024-05-06,0.12699,0.92857,0.00462,-0.09117,0.31718,0.88795
SPY240719C00482000,SPY,2024-07-19,482.00,call,35.41,40.80,40.57,153,41.03,153,0,152,2024-05-06,0.12730,0.92301,0.00488,-0.09256,0.33587,0.88395
SPY240719C00483000,SPY,2024-07-19,483.00,call,35.81,39.90,39.67,153,40.13,153,0,157,2024-05-06,0.12730,0.91766,0.00513,-0.09379,0.35340,0.88017
SPY240719C00484000,SPY,2024-07-19,484.00,call,33.50,39.00,38.78,153,39.23,153,0,8,2024-05-06,0.12730,0.91204,0.00539,-0.09504,0.37133,0.87609
SPY240719C00485000,SPY,2024-07-19,485.00,call,37.27,38.12,37.89,153,38.34,153,1,2290,2024-05-06,0.12745,0.90589,0.00566,-0.09639,0.39040,0.87145
SPY240719C00486000,SPY,2024-07-19,486.00,call,32.59,37.23,37.01,153,37.45,153,0,80,2024-05-06,0.12730,0.89998,0.00593,-0.09757,0.40825,0.86707
SPY240719C00487000,SPY,2024-07-19,487.00,call,30.30,36.35,36.13,153,36.57,153,0,1447,2024-05-06,0.12730,0.89354,0.00620,-0.09884,0.42717,0.86210
SPY240719C00488000,SPY,2024-07-19,488.00,call,33.62,35.47,35.25,153,35.69,153,1,847,2024-05-06,0.12699,0.88735,0.00648,-0.09993,0.44487,0.85741
SPY240719C00489000,SPY,2024-07-19,489.00,call,24.45,34.60,34.38,153,34.82,153,0,67,2024-05-06,0.12684,0.88063,0.00676,-0.10111,0.46357,0.85212
SPY240719C00490000,SPY,2024-07-19,490.00,call,31.24,33.73,33.52,153,33.95,153,20,1401,2024-05-06,0.12654,0.87389,0.00704,-0.10219,0.48177,0.84683
SPY240719C00491000,SPY,2024-07-19,491.00,call,30.29,32.87,32.66,153,33.08,153,1,336,2024-05-06,0.12638,0.86660,0.00733,-0.10334,0.50089,0.84093
SPY240719C00492000,SPY,2024-07-19,492.00,call,22.86,32.02,31.80,153,32.23,153,0,425,2024-05-06,0.12608,0.85929,0.00762,-0.10440,0.51947,0.83502
SPY240719C00493000,SPY,2024-07-19,493.00,call,30.39,31.16,30.96,153,31.37,153,1,331,2024-05-06,0.12562,0.85198,0.00791,-0.10534,0.53751,0.82910
SPY240719C00494000,SPY,2024-07-19,494.00,call,28.81,30.33,30.12,153,30.53,153,2,497,2024-05-06,0.12562,0.84355,0.00821,-0.10654,0.55766,0.82194
SPY240719C00495000,SPY,2024-07-19,495.00,call,29.15,29.45,29.28,403,29.63,335,376,1028,2024-05-06,0.12440,0.83705,0.00851,-0.10698,0.57272,0.81693
SPY240719C00496000,SPY,2024-07-19,496.00,call,24.06,28.62,28.45,403,28.80,309,0,376,2024-05-06,0.12410,0.82857,0.00881,-0.10794,0.59174,0.80973
SPY240719C00497000,SPY,2024-07-19,497.00,call,27.94,27.80,27.63,403,27.98,335,23,632,2024-05-06,0.12379,0.81980,0.00912,-0.10887,0.61075,0.80221
SPY240719C00498000,SPY,2024-07-19,498.00,call,26.30,26.99,26.82,403,27.16,302,17,340,2024-05-06,0.12349,0.81073,0.00943,-0.10975,0.62969,0.79435
SPY240719C00499000,SPY,2024-07-19,499.00,call,26.31,26.19,26.02,403,26.35,276,20,406,2024-05-06,0.12318,0.80135,0.00973,-0.11060,0.64852,0.78615
SPY240719C00500000,SPY,2024-07-19,500.00,call,25.38,25.39,25.22,409,25.57,409,536,5309,2024-05-06,0.12273,0.79194,0.01004,-0.11131,0.66668,0.77792
SPY240719C00501000,SPY,2024-07-19,501.00,call,24.44,24.59,24.43,409,24.76,314,5,803,2024-05-06,0.12227,0.78222,0.01035,-0.11198,0.68469,0.76935
SPY240719C00502000,SPY,2024-07-19,502.00,call,22.94,23.81,23.65,403,23.97,249,12,1994,2024-05-06,0.12181,0.77219,0.01066,-0.11259,0.70248,0.76044
SPY240719C00503000,SPY,2024-07-19,503.00,call,21.56,23.06,22.92,335,23.20,275,15,577,2024-05-06,0.12166,0.76134,0.01095,-0.11332,0.72086,0.75060
SPY240719C00504000,SPY,2024-07-19,504.00,call,21.79,22.31,22.19,335,22.43,224,9,840,2024-05-06,0.12135,0.75045,0.01125,-0.11390,0.73842,0.74073
SPY240719C00505000,SPY,2024-07-19,505.00,call,21.48,21.57,21.52,22,21.62,16,161,2136,2024-05-06,0.12120,0.73904,0.01153,-0.11450,0.75589,0.73025
SPY240719C00506000,SPY,2024-07-19,506.00,call,20.80,20.83,20.78,36,20.88,57,34,1205,2024-05-06,0.12074,0.72781,0.01182,-0.11486,0.77216,0.72000
SPY240719C00507000,SPY,2024-07-19,507.00,call,19.63,20.09,20.05,36,20.14,73,21,2300,2024-05-06,0.12013,0.71651,0.01212,-0.11505,0.78765,0.70967
SPY240719C00508000,SPY,2024-07-19,508.00,call,18.70,19.38,19.33,48,19.42,73,9,1118,2024-05-06,0.11983,0.70448,0.01239,-0.11534,0.80319,0.69850
SPY240719C00509000,SPY,2024-07-19,509.00,call,18.24,18.67,18.63,45,18.71,91,5,1356,2024-05-06,0.11937,0.69237,0.01266,-0.11546,0.81782,0.68726
SPY240719C00510000,SPY,2024-07-19,510.00,call,17.90,17.97,17.93,53,18.01,108,333,5308,2024-05-06,0.11892,0.67998,0.01293,-0.11550,0.83180,0.67570
SPY240719C00511000,SPY,2024-07-19,511.00,call,17.23,17.29,17.25,53,17.32,108,30,6860,2024-05-06,0.11846,0.66732,0.01319,-0.11545,0.84506,0.66383
SPY240719C00512000,SPY,2024-07-19,512.00,call,16.11,16.61,16.58,62,16.64,126,116,2140,2024-05-06,0.11800,0.65439,0.01343,-0.11531,0.85753,0.65165
SPY240719C00513000,SPY,2024-07-19,513.00,call,15.10,15.95,15.92,62,15.98,126,14,2470,2024-05-06,0.11754,0.64120,0.01367,-0.11507,0.86917,0.63918
SPY240719C00514000,SPY,2024-07-19,514.00,call,14.83,15.30,15.27,70,15.33,142,167,1911,2024-05-06,0.11709,0.62776,0.01389,-0.11473,0.87991,0.62642
SPY240719C00515000,SPY,2024-07-19,515.00,call,14.74,14.67,14.64,70,14.70,179,614,12666,2024-05-06,0.11663,0.61409,0.01410,-0.11429,0.88971,0.61339
SPY240719C00516000,SPY,2024-07-19,516.00,call,14.14,14.04,14.02,70,14.07,100,346,3713,2024-05-06,0.11602,0.60029,0.01431,-0.11366,0.89844,0.60023
SPY240719C00517000,SPY,2024-07-19,517.00,call,13.43,13.44,13.41,79,13.47,285,189,2825,2024-05-06,0.11571,0.58608,0.01448,-0.11310,0.90623,0.58655
SPY240719C00518000,SPY,2024-07-19,518.00,call,12.94,12.84,12.82,79,12.87,161,224,1182,2024-05-06,0.11510,0.57185,0.01466,-0.11226,0.91283,0.57287
SPY240719C00519000,SPY,2024-07-19,519.00,call,12.31,12.27,12.24,79,12.29,161,157,1247,2024-05-06,0.11480,0.55729,0.01479,-0.11148,0.91833,0.55878
SPY240719C00520000,SPY,2024-07-19,520.00,call,11.66,11.71,11.68,59,11.73,285,1143,5506,2024-05-06,0.11449,0.54261,0.01489,-0.11059,0.92262,0.54452
SPY240719C00521000,SPY,2024-07-19,521.00,call,11.20,11.16,11.13,79,11.18,235,409,1811,2024-05-06,0.11404,0.52783,0.01500,-0.10951,0.92566,0.53016
SPY240719C00522000,SPY,2024-07-19,522.00,call,10.10,10.62,10.59,119,10.65,386,111,1643,2024-05-06,0.11358,0.51292,0.01509,-0.10831,0.92743,0.51564
SPY240719C00523000,SPY,2024-07-19,523.00,call,9.74,10.11,10.08,79,10.13,355,363,2180,2024-05-06,0.11312,0.49791,0.01516,-0.10701,0.92790,0.50097
SPY240719C00524000,SPY,2024-07-19,524.00,call,9.57,9.59,9.57,99,9.62,68,171,8042,2024-05-06,0.11267,0.48280,0.01521,-0.10559,0.92705,0.48617
SPY240719C00525000,SPY,2024-07-19,525.00,call,8.99,9.12,9.09,79,9.14,401,282,3639,2024-05-06,0.11236,0.46769,0.01521,-0.10416,0.92487,0.47132
SPY240719C00526000,SPY,2024-07-19,526.00,call,8.26,8.64,8.61,119,8.67,272,137,2039,2024-05-06,0.11190,0.45249,0.01522,-0.10253,0.92133,0.45637
SPY240719C00527000,SPY,2024-07-19,527.00,call,7.85,8.19,8.16,79,8.21,227,165,1489,2024-05-06,0.11160,0.43737,0.01518,-0.10090,0.91646,0.44145
SPY240719C00528000,SPY,2024-07-19,528.00,call,7.38,7.74,7.72,87,7.77,255,271,863,2024-05-06,0.11114,0.42216,0.01514,-0.09907,0.91020,0.42642
SPY240719C00529000,SPY,2024-07-19,529.00,call,6.98,7.31,7.29,177,7.34,177,255,4286,2024-05-06,0.11068,0.40696,0.01507,-0.09713,0.90257,0.41139
SPY240719C00530000,SPY,2024-07-19,530.00,call,6.91,6.91,6.89,87,6.93,166,504,10527,2024-05-06,0.11038,0.39199,0.01497,-0.09521,0.89369,0.39652
SPY240719C00531000,SPY,2024-07-19,531.00,call,6.52,6.52,6.49,177,6.54,177,251,1206,2024-05-06,0.11007,0.37711,0.01484,-0.09321,0.88354,0.38173
SPY240719C00532000,SPY,2024-07-19,532.00,call,6.12,6.14,6.12,87,6.16,177,140,752,2024-05-06,0.10977,0.36236,0.01469,-0.09112,0.87213,0.36704
SPY240719C00533000,SPY,2024-07-19,533.00,call,5.83,5.78,5.76,87,5.80,177,266,5247,2024-05-06,0.10946,0.34776,0.01451,-0.08896,0.85950,0.35248
SPY240719C00534000,SPY,2024-07-19,534.00,call,5.28,5.43,5.41,177,5.45,94,344,561,2024-05-06,0.10901,0.33309,0.01434,-0.08660,0.84546,0.33783
SPY240719C00535000,SPY,2024-07-19,535.00,call,5.14,5.10,5.08,195,5.12,195,127,12201,2024-05-06,0.10870,0.31883,0.01412,-0.08430,0.83050,0.32357
SPY240719C00536000,SPY,2024-07-19,536.00,call,4.50,4.79,4.76,195,4.81,445,20,893,2024-05-06,0.10855,0.30505,0.01387,-0.08207,0.81479,0.30976
SPY240719C00537000,SPY,2024-07-19,537.00,call,4.14,4.48,4.46,288,4.50,289,65,499,2024-05-06,0.10809,0.29096,0.01364,-0.07953,0.79741,0.29564
SPY240719C00538000,SPY,2024-07-19,538.00,call,3.88,4.20,4.18,195,4.22,508,20,782,2024-05-06,0.10794,0.27769,0.01335,-0.07721,0.77982,0.28231
SPY240719C00539000,SPY,2024-07-19,539.00,call,3.79,3.92,3.90,537,3.94,330,90,1755,2024-05-06,0.10763,0.26440,0.01307,-0.07471,0.76097,0.26895
SPY240719C00540000,SPY,2024-07-19,540.00,call,3.65,3.66,3.64,715,3.68,261,844,13256,2024-05-06,0.10733,0.25139,0.01277,-0.07219,0.74131,0.25586
SPY240719C00545000,SPY,2024-07-19,545.00,call,2.56,2.55,2.54,339,2.57,124,386,7533,2024-05-06,0.10611,0.19180,0.01106,-0.05961,0.63485,0.19569
SPY240719C00550000,SPY,2024-07-19,550.00,call,1.75,1.74,1.73,129,1.75,97,770,9463,2024-05-06,0.10520,0.14185,0.00918,-0.04757,0.52232,0.14503
SPY240719C00555000,SPY,2024-07-19,555.00,call,1.15,1.15,1.14,248,1.16,1051,78,6522,2024-05-06,0.10443,0.10156,0.00731,-0.03663,0.41284,0.10404
SPY240719C00560000,SPY,2024-07-19,560.00,call,0.73,0.75,0.74,238,0.76,2790,314,10177,2024-05-06,0.10413,0.07107,0.00561,-0.02748,0.31597,0.07291
SPY240719C00565000,SPY,2024-07-19,565.00,call,0.47,0.48,0.48,263,0.49,1021,19,4936,2024-05-06,0.10398,0.04846,0.00416,-0.02002,0.23399,0.04979
SPY240719C00570000,SPY,2024-07-19,570.00,call,0.28,0.33,0.32,274,0.33,2287,768,6127,2024-05-06,0.10565,0.03453,0.00311,-0.01524,0.17774,0.03549
SPY240719C00575000,SPY,2024-07-19,575.00,call,0.22,0.23,0.22,185,0.23,2544,130,1716,2024-05-06,0.10763,0.02477,0.00232,-0.01165,0.13490,0.02548
SPY240719C00580000,SPY,2024-07-19,580.00,call,0.15,0.15,0.15,279,0.16,1441,213,2297,2024-05-06,0.10855,0.01683,0.00166,-0.00838,0.09723,0.01732
SPY240719C00585000,SPY,2024-07-19,585.00,call,0.09,0.11,0.11,279,0.12,1507,0,3897,2024-05-06,0.11129,0.01249,0.00125,-0.00658,0.07520,0.01285
SPY240719C00590000,SPY,2024-07-19,590.00,call,0.09,0.10,0.09,178,0.10,2530,105,2648,2024-05-06,0.11693,0.01093,0.00106,-0.00610,0.06698,0.01124
SPY240719C00595000,SPY,2024-07-19,595.00,call,0.07,0.08,0.07,279,0.08,2781,485,2392,2024-05-06,0.12059,0.00873,0.00084,-0.00513,0.05502,0.00898
SPY240719C00600000,SPY,2024-07-19,600.00,call,0.06,0.07,0.06,177,0.07,2765,17,16941,2024-05-06,0.12516,0.00741,0.00070,-0.00458,0.04767,0.00762
SPY240719C00605000,SPY,2024-07-19,605.00,call,0.05,0.06,0.05,177,0.06,2765,2,2416,2024-05-06,0.12943,0.00627,0.00059,-0.00406,0.04109,0.00644
SPY240719C00610000,SPY,2024-07-19,610.00,call,0.03,0.04,0.04,279,0.05,2765,0,3079,2024-05-06,0.13004,0.00433,0.00042,-0.00292,0.02956,0.00445
SPY240719C00615000,SPY,2024-07-19,615.00,call,0.02,0.04,0.03,279,0.04,1704,0,2788,2024-05-06,0.13599,0.00413,0.00039,-0.00291,0.02835,0.00424
SPY240719C00620000,SPY,2024-07-19,620.00,call,0.03,0.04,0.03,259,0.04,2742,76,818,2024-05-06,0.14193,0.00397,0.00036,-0.00292,0.02736,0.00407
SPY240719C00625000,SPY,2024-07-19,625.00,call,0.02,0.03,0.02,279,0.03,1274,2,240,2024-05-06,0.14376,0.00303,0.00028,-0.00231,0.02149,0.00311
SPY240719C00630000,SPY,2024-07-19,630.00,call,0.01,0.03,0.02,279,0.03,1647,0,110,2024-05-06,0.14940,0.00292,0.00026,-0.00231,0.02077,0.00300
SPY240719C00635000,SPY,2024-07-19,635.00,call,0.01,0.03,0.02,259,0.03,2183,0,542,2024-05-06,0.15504,0.00283,0.00024,-0.00232,0.02018,0.00290
SPY240719C00640000,SPY,2024-07-19,640.00,call,0.03,0.03,0.02,177,0.03,2506,0,2194,2024-05-06,0.16053,0.00273,0.00023,-0.00232,0.01954,0.00280
SPY240719C00645000,SPY,2024-07-19,645.00,call,0.02,0.03,0.02,177,0.03,2132,0,1402,2024-05-06,0.16602,0.00265,0.00021,-0.00233,0.01902,0.00271
SPY240719C00650000,SPY,2024-07-19,650.00,call,0.01,0.01,0.01,280,0.02,1042,0,6930,2024-05-06,0.15580,0.00101,0.00009,-0.00091,0.00793,0.00104
SPY240731C00320000,SPY,2024-07-31,320.00,call,185.66,199.02,198.69,75,199.35,75,0,3,2024-05-06,0.07020,1.00000,0.00000,-0.04615,0.00000,0.74456
SPY240731C00325000,SPY,2024-07-31,325.00,call,177.87,194.09,193.77,75,194.42,75,0,2,2024-05-06,0.06842,1.00000,0.00000,-0.04687,0.00000,0.75620
SPY240731C00330000,SPY,2024-07-31,330.00,call,171.65,189.18,188.85,75,189.50,75,0,2,2024-05-06,0.06663,1.00000,0.00000,-0.04759,0.00000,0.76783
SPY240731C00335000,SPY,2024-07-31,335.00,call,166.75,184.26,183.94,75,184.58,75,0,2,2024-05-06,0.06484,1.00000,0.00000,-0.04831,0.00000,0.77946
SPY240731C00340000,SPY,2024-07-31,340.00,call,163.12,179.34,179.02,75,179.65,75,0,6,2024-05-06,0.06306,1.00000,0.00000,-0.04903,0.00000,0.79110
SPY240731C00345000,SPY,2024-07-31,345.00,call,167.18,174.41,174.10,75,174.73,75,0,4,2024-05-06,0.06127,1.00000,0.00000,-0.04975,0.00000,0.80273
SPY240731C00350000,SPY,2024-07-31,350.00,call,162.25,169.50,169.19,75,169.81,75,0,8,2024-05-06,0.05949,1.00000,0.00000,-0.05047,0.00000,0.81437
SPY240731C00355000,SPY,2024-07-31,355.00,call,147.21,164.58,164.27,75,164.89,75,0,6,2024-05-06,0.05770,1.00000,0.00000,-0.05119,0.00000,0.82600
SPY240731C00360000,SPY,2024-07-31,360.00,call,143.89,159.67,159.36,75,159.97,75,0,5,2024-05-06,0.05592,1.00000,0.00000,-0.05191,0.00000,0.83763
SPY240731C00365000,SPY,2024-07-31,365.00,call,138.99,154.75,154.45,75,155.05,75,0,8,2024-05-06,0.05413,1.00000,0.00000,-0.05263,0.00000,0.84927
SPY240731C00370000,SPY,2024-07-31,370.00,call,134.24,149.86,149.54,75,150.18,75,0,7,2024-05-06,0.05234,1.00000,0.00000,-0.05336,0.00000,0.86090
SPY240731C00375000,SPY,2024-07-31,375.00,call,127.86,144.95,144.63,75,145.27,75,0,7,2024-05-06,0.05056,1.00000,0.00000,-0.05408,0.00000,0.87253
SPY240731C00380000,SPY,2024-07-31,380.00,call,131.03,140.04,139.72,75,140.36,75,0,3,2024-05-06,0.04877,1.00000,0.00000,-0.05480,0.00000,0.88417
SPY240731C00385000,SPY,2024-07-31,385.00,call,125.48,135.13,134.82,75,135.45,75,0,4,2024-05-06,0.04699,1.00000,0.00000,-0.05552,0.00000,0.89580
SPY240731C00390000,SPY,2024-07-31,390.00,call,120.30,130.23,129.92,75,130.54,75,0,4,2024-05-06,0.04520,1.00000,0.00000,-0.05624,0.00000,0.90744
SPY240731C00395000,SPY,2024-07-31,395.00,call,116.04,125.33,125.02,75,125.64,75,0,3,2024-05-06,0.04342,1.00000,0.00000,-0.05696,0.00000,0.91907
SPY240731C00400000,SPY,2024-07-31,400.00,call,113.83,120.43,120.12,75,120.73,75,0,32,2024-05-06,0.04163,1.00000,0.00000,-0.05768,0.00000,0.93070
SPY240731C00405000,SPY,2024-07-31,405.00,call,107.07,115.53,115.23,75,115.84,75,0,6,2024-05-06,0.03985,1.00000,0.00000,-0.05840,0.00000,0.94234
SPY240731C00410000,SPY,2024-07-31,410.00,call,108.67,110.64,110.34,75,110.94,75,12,106,2024-05-06,0.03806,1.00000,0.00000,-0.05912,0.00000,0.95397
SPY240731C00415000,SPY,2024-07-31,415.00,call,100.19,105.76,105.46,75,106.06,75,0,14,2024-05-06,0.03627,1.00000,0.00000,-0.05985,0.00000,0.96561
SPY240731C00420000,SPY,2024-07-31,420.00,call,101.05,100.88,100.58,75,101.18,75,1,23,2024-05-06,0.03449,1.00000,0.00000,-0.06057,0.00000,0.97724
SPY240731C00425000,SPY,2024-07-31,425.00,call,87.07,96.00,95.71,153,96.30,153,0,15,2024-05-06,0.03270,1.00000,0.00000,-0.06129,0.00000,0.98887
SPY240731C00430000,SPY,2024-07-31,430.00,call,85.63,91.14,90.85,153,91.44,153,0,36,2024-05-06,0.03092,1.00000,0.00000,-0.06201,0.00000,1.00051
SPY240731C00435000,SPY,2024-07-31,435.00,call,72.46,86.30,86.00,153,86.59,153,0,42,2024-05-06,0.02913,1.00000,0.00000,-0.06273,0.00000,1.01214
SPY240731C00439000,SPY,2024-07-31,439.00,call,70.78,82.42,82.13,153,82.71,153,0,11,2024-05-06,0.02770,1.00000,0.00000,-0.06331,0.00000,1.02145
SPY240731C00440000,SPY,2024-07-31,440.00,call,80.35,81.46,81.17,153,81.75,153,1,89,2024-05-06,0.02735,1.00000,0.00000,-0.06345,0.00000,1.02377
SPY240731C00441000,SPY,2024-07-31,441.00,call,83.03,80.49,80.20,153,80.78,153,0,34,2024-05-06,0.02699,1.00000,0.00000,-0.06359,0.00000,1.02610
SPY240731C00442000,SPY,2024-07-31,442.00,call,77.48,79.53,79.24,153,79.82,153,2,0,2024-05-06,0.02663,1.00000,0.00000,-0.06374,0.00000,1.02843
SPY240731C00443000,SPY,2024-07-31,443.00,call,81.61,78.56,78.28,153,78.85,153,0,5,2024-05-06,0.02627,1.00000,0.00000,-0.06388,0.00000,1.03075
SPY240731C00444000,SPY,2024-07-31,444.00,call,81.62,77.60,77.31,153,77.89,153,0,1,2024-05-06,0.02592,1.00000,0.00000,-0.06403,0.00000,1.03308
SPY240731C00445000,SPY,2024-07-31,445.00,call,75.00,76.64,76.35,153,76.93,153,4,58,2024-05-06,0.02556,1.00000,0.00000,-0.06417,0.00000,1.03541
SPY240731C00446000,SPY,2024-07-31,446.00,call,60.50,75.67,75.39,153,75.96,153,0,6,2024-05-06,0.02520,1.00000,0.00000,-0.06432,0.00000,1.03773
SPY240731C00447000,SPY,2024-07-31,447.00,call,72.46,74.72,74.43,153,75.00,153,16,21,2024-05-06,0.02485,1.00000,0.00000,-0.06446,0.00000,1.04006
SPY240731C00448000,SPY,2024-07-31,448.00,call,59.22,73.75,73.47,153,74.04,153,0,12,2024-05-06,0.02449,1.00000,0.00000,-0.06460,0.00000,1.04239
SPY240731C00449000,SPY,2024-07-31,449.00,call,64.23,72.80,72.51,153,73.08,153,0,2,2024-05-06,0.02413,1.00000,0.00000,-0.06475,0.00000,1.04472
SPY240731C00450000,SPY,2024-07-31,450.00,call,70.61,71.84,71.56,153,72.12,153,4,39,2024-05-06,0.02377,1.00000,0.00000,-0.06489,0.00000,1.04704
SPY240731C00451000,SPY,2024-07-31,451.00,call,58.90,70.88,70.60,153,71.17,153,0,1,2024-05-06,0.02342,1.00000,0.00000,-0.06504,0.00000,1.04937
SPY240731C00452000,SPY,2024-07-31,452.00,call,56.14,69.92,69.64,153,70.21,153,0,21,2024-05-06,0.02306,1.00000,0.00000,-0.06518,0.00000,1.05170
SPY240731C00453000,SPY,2024-07-31,453.00,call,54.33,68.97,68.69,153,69.25,153,0,41,2024-05-06,0.02270,1.00000,0.00000,-0.06532,0.00000,1.05402
SPY240731C00454000,SPY,2024-07-31,454.00,call,69.53,68.02,67.74,153,68.30,153,0,48,2024-05-06,0.02235,1.00000,0.00000,-0.06547,0.00000,1.05635
SPY240731C00455000,SPY,2024-07-31,455.00,call,63.27,67.07,66.79,153,67.35,153,0,26,2024-05-06,0.02199,1.00000,0.00000,-0.06561,0.00000,1.05868
SPY240731C00456000,SPY,2024-07-31,456.00,call,66.83,66.12,65.84,153,66.39,153,0,18,2024-05-06,0.02163,1.00000,0.00000,-0.06576,0.00000,1.06100
SPY240731C00457000,SPY,2024-07-31,457.00,call,68.55,65.16,64.89,153,65.44,153,0,5,2024-05-06,0.02127,1.00000,0.00000,-0.06590,0.00000,1.06333
SPY240731C00458000,SPY,2024-07-31,458.00,call,67.66,64.22,63.94,153,64.49,153,0,9,2024-05-06,0.02092,1.00000,0.00000,-0.06605,0.00000,1.06566
SPY240731C00459000,SPY,2024-07-31,459.00,call,53.92,63.27,62.99,153,63.55,153,0,21,2024-05-06,0.02056,1.00000,0.00000,-0.06619,0.00000,1.06798
SPY240731C00460000,SPY,2024-07-31,460.00,call,61.22,62.33,62.05,153,62.60,153,1,25,2024-05-06,0.09574,0.99736,0.00034,-0.06727,0.02046,1.06705
SPY240731C00461000,SPY,2024-07-31,461.00,call,56.79,61.38,61.10,153,61.65,153,0,102,2024-05-06,0.10596,0.99348,0.00069,-0.06880,0.04588,1.06457
SPY240731C00462000,SPY,2024-07-31,462.00,call,69.88,60.44,60.16,153,60.71,153,0,40,2024-05-06,0.11251,0.98932,0.00100,-0.07043,0.07078,1.06172
SPY240731C00463000,SPY,2024-07-31,463.00,call,63.21,59.50,59.22,153,59.77,153,0,17,2024-05-06,0.11663,0.98552,0.00126,-0.07190,0.09211,1.05931
SPY240731C00464000,SPY,2024-07-31,464.00,call,52.13,58.55,58.28,153,58.83,153,0,3,2024-05-06,0.11846,0.98273,0.00144,-0.07296,0.10715,1.05815
SPY240731C00465000,SPY,2024-07-31,465.00,call,55.91,57.62,57.34,153,57.89,153,9,18,2024-05-06,0.12151,0.97860,0.00168,-0.07449,0.12857,1.05531
SPY240731C00466000,SPY,2024-07-31,466.00,call,66.18,56.68,56.41,153,56.95,153,0,5,2024-05-06,0.12303,0.97531,0.00187,-0.07567,0.14502,1.05353
SPY240731C00467000,SPY,2024-07-31,467.00,call,61.70,55.75,55.48,153,56.02,153,0,4,2024-05-06,0.12486,0.97142,0.00209,-0.07703,0.16390,1.05098
SPY240731C00468000,SPY,2024-07-31,468.00,call,51.00,54.82,54.55,153,55.09,153,0,12,2024-05-06,0.12623,0.96763,0.00229,-0.07832,0.18167,1.04856
SPY240731C00469000,SPY,2024-07-31,469.00,call,44.63,53.89,53.62,153,54.16,153,0,162,2024-05-06,0.12715,0.96404,0.00248,-0.07949,0.19808,1.04639
SPY240731C00470000,SPY,2024-07-31,470.00,call,47.66,52.96,52.69,153,53.23,153,0,6,2024-05-06,0.12791,0.96037,0.00267,-0.08066,0.21444,1.04411
SPY240731C00471000,SPY,2024-07-31,471.00,call,53.86,52.03,51.77,153,52.30,153,0,2,2024-05-06,0.12837,0.95682,0.00285,-0.08174,0.22991,1.04197
SPY240731C00472000,SPY,2024-07-31,472.00,call,0.00,51.11,50.84,153,51.38,153,0,0,2024-05-06,0.12913,0.95267,0.00305,-0.08298,0.24752,1.03909
SPY240731C00473000,SPY,2024-07-31,473.00,call,38.80,50.20,49.93,153,50.46,153,0,1,2024-05-06,0.12989,0.94827,0.00325,-0.08427,0.26572,1.03588
SPY240731C00474000,SPY,2024-07-31,474.00,call,36.46,49.27,49.01,153,49.54,153,0,5,2024-05-06,0.12989,0.94462,0.00343,-0.08524,0.28046,1.03363
SPY240731C00475000,SPY,2024-07-31,475.00,call,36.39,48.36,48.10,153,48.62,153,0,18,2024-05-06,0.13035,0.94016,0.00364,-0.08645,0.29808,1.03034
SPY240731C00476000,SPY,2024-07-31,476.00,call,42.25,47.45,47.18,153,47.71,153,0,5,2024-05-06,0.13065,0.93568,0.00384,-0.08761,0.31536,1.02703
SPY240731C00477000,SPY,2024-07-31,477.00,call,49.03,46.54,46.28,153,46.80,153,0,3,2024-05-06,0.13065,0.93141,0.00403,-0.08864,0.33144,1.02399
SPY240731C00478000,SPY,2024-07-31,478.00,call,54.02,45.63,45.37,153,45.89,153,0,0,2024-05-06,0.13065,0.92693,0.00424,-0.08969,0.34793,1.02068
SPY240731C00479000,SPY,2024-07-31,479.00,call,39.43,44.73,44.47,153,44.99,153,0,3,2024-05-06,0.13080,0.92202,0.00445,-0.09082,0.36562,1.01682
SPY240731C00480000,SPY,2024-07-31,480.00,call,32.06,43.83,43.57,153,44.08,153,0,31,2024-05-06,0.13065,0.91736,0.00465,-0.09182,0.38203,1.01327
SPY240731C00481000,SPY,2024-07-31,481.00,call,37.25,42.94,42.68,153,43.19,153,0,8,2024-05-06,0.13080,0.91200,0.00487,-0.09298,0.40043,1.00884
SPY240731C00482000,SPY,2024-07-31,482.00,call,36.65,42.04,41.79,153,42.29,153,0,3,2024-05-06,0.13050,0.90715,0.00508,-0.09391,0.41671,1.00506
SPY240731C00483000,SPY,2024-07-31,483.00,call,35.62,41.15,40.90,153,41.40,153,0,83,2024-05-06,0.13035,0.90184,0.00530,-0.09492,0.43411,1.00069
SPY240731C00484000,SPY,2024-07-31,484.00,call,36.47,40.27,40.02,153,40.52,153,0,4,2024-05-06,0.13020,0.89632,0.00552,-0.09593,0.45180,0.99605
SPY240731C00485000,SPY,2024-07-31,485.00,call,38.45,39.39,39.14,153,39.64,153,3,74,2024-05-06,0.13004,0.89057,0.00575,-0.09694,0.46975,0.99112
SPY240731C00486000,SPY,2024-07-31,486.00,call,34.39,38.52,38.27,153,38.76,153,0,602,2024-05-06,0.12989,0.88459,0.00597,-0.09795,0.48794,0.98590
SPY240731C00487000,SPY,2024-07-31,487.00,call,28.19,37.64,37.40,153,37.89,153,0,3,2024-05-06,0.12943,0.87891,0.00620,-0.09879,0.50481,0.98105
SPY240731C00488000,SPY,2024-07-31,488.00,call,32.72,36.78,36.53,153,37.04,153,0,209,2024-05-06,0.12928,0.87247,0.00644,-0.09978,0.52342,0.97525
SPY240731C00489000,SPY,2024-07-31,489.00,call,47.26,35.91,35.67,153,36.16,153,0,0,2024-05-06,0.12882,0.86634,0.00668,-0.10060,0.54071,0.96983
SPY240731C00490000,SPY,2024-07-31,490.00,call,33.31,35.06,34.82,153,35.30,153,3,155,2024-05-06,0.12867,0.85943,0.00692,-0.10158,0.55964,0.96342
SPY240731C00491000,SPY,2024-07-31,491.00,call,24.06,34.21,33.97,153,34.45,153,0,19,2024-05-06,0.12821,0.85283,0.00716,-0.10237,0.57725,0.95740
SPY240731C00492000,SPY,2024-07-31,492.00,call,31.75,33.37,33.13,153,33.60,153,3,8,2024-05-06,0.12806,0.84544,0.00741,-0.10330,0.59637,0.95037
SPY240731C00493000,SPY,2024-07-31,493.00,call,28.78,32.52,32.29,153,32.76,153,0,56,2024-05-06,0.12745,0.83862,0.00766,-0.10397,0.61351,0.94409
SPY240731C00494000,SPY,2024-07-31,494.00,call,23.26,31.69,31.46,153,31.92,153,0,287,2024-05-06,0.12715,0.83102,0.00791,-0.10478,0.63207,0.93678
SPY240731C00495000,SPY,2024-07-31,495.00,call,30.00,30.86,30.63,153,31.09,153,6,126,2024-05-06,0.12669,0.82344,0.00816,-0.10548,0.65000,0.92951
SPY240731C00496000,SPY,2024-07-31,496.00,call,25.60,30.04,29.81,153,30.27,153,0,27,2024-05-06,0.12623,0.81561,0.00842,-0.10616,0.66794,0.92192
SPY240731C00497000,SPY,2024-07-31,497.00,call,27.62,29.23,29.00,153,29.46,153,1,39,2024-05-06,0.12593,0.80726,0.00867,-0.10688,0.68643,0.91365
SPY240731C00498000,SPY,2024-07-31,498.00,call,26.83,28.42,28.20,153,28.65,153,1,110,2024-05-06,0.12532,0.79919,0.00893,-0.10741,0.70370,0.90576
SPY240731C00499000,SPY,2024-07-31,499.00,call,18.21,27.62,27.40,153,27.85,153,0,1045,2024-05-06,0.12486,0.79059,0.00919,-0.10798,0.72145,0.89718
SPY240731C00500000,SPY,2024-07-31,500.00,call,26.51,26.82,26.62,159,27.02,87,11,544,2024-05-06,0.12440,0.78174,0.00945,-0.10851,0.73906,0.88827
SPY240731C00501000,SPY,2024-07-31,501.00,call,24.73,26.05,25.83,153,26.27,153,5,172,2024-05-06,0.12410,0.77237,0.00970,-0.10907,0.75697,0.87868
SPY240731C00502000,SPY,2024-07-31,502.00,call,24.15,25.27,25.06,153,25.49,153,6,210,2024-05-06,0.12349,0.76325,0.00997,-0.10943,0.77370,0.86944
SPY240731C00503000,SPY,2024-07-31,503.00,call,24.60,24.50,24.30,159,24.69,87,2,367,2024-05-06,0.12303,0.75361,0.01022,-0.10982,0.79064,0.85952
SPY240731C00504000,SPY,2024-07-31,504.00,call,23.54,23.79,23.73,16,23.85,16,17,1057,2024-05-06,0.12318,0.74277,0.01044,-0.11048,0.80883,0.84799
SPY240731C00505000,SPY,2024-07-31,505.00,call,21.59,23.04,22.98,16,23.10,16,17,234,2024-05-06,0.12273,0.73265,0.01069,-0.11076,0.82498,0.83743
SPY240731C00506000,SPY,2024-07-31,506.00,call,21.68,22.30,22.24,22,22.36,16,2,123,2024-05-06,0.12212,0.72250,0.01095,-0.11091,0.84039,0.82684
SPY240731C00507000,SPY,2024-07-31,507.00,call,21.00,21.57,21.52,16,21.63,32,18,257,2024-05-06,0.12166,0.71187,0.01119,-0.11107,0.85571,0.81561
SPY240731C00508000,SPY,2024-07-31,508.00,call,19.66,20.86,20.80,38,20.91,51,19,330,2024-05-06,0.12135,0.70078,0.01141,-0.11125,0.87079,0.80378
SPY240731C00509000,SPY,2024-07-31,509.00,call,19.40,20.15,20.10,25,20.20,51,2,479,2024-05-06,0.12074,0.68986,0.01165,-0.11121,0.88478,0.79218
SPY240731C00510000,SPY,2024-07-31,510.00,call,18.43,19.45,19.40,46,19.50,90,135,826,2024-05-06,0.12029,0.67850,0.01188,-0.11117,0.89844,0.77999
SPY240731C00511000,SPY,2024-07-31,511.00,call,17.88,18.77,18.72,33,18.81,157,7,565,2024-05-06,0.11983,0.66690,0.01210,-0.11107,0.91145,0.76749
SPY240731C00512000,SPY,2024-07-31,512.00,call,17.27,18.09,18.05,42,18.14,134,28,61,2024-05-06,0.11937,0.65508,0.01231,-0.11088,0.92376,0.75468
SPY240731C00513000,SPY,2024-07-31,513.00,call,17.37,17.43,17.39,42,17.47,174,9,22,2024-05-06,0.11892,0.64303,0.01251,-0.11063,0.93533,0.74158
SPY240731C00514000,SPY,2024-07-31,514.00,call,16.31,16.78,16.74,54,16.82,134,21,3022,2024-05-06,0.11846,0.63077,0.01270,-0.11029,0.94609,0.72819
SPY240731C00515000,SPY,2024-07-31,515.00,call,15.55,16.14,16.10,61,16.18,169,33,539,2024-05-06,0.11800,0.61831,0.01289,-0.10987,0.95601,0.71452
SPY240731C00516000,SPY,2024-07-31,516.00,call,15.10,15.52,15.48,50,15.55,187,119,235,2024-05-06,0.11754,0.60564,0.01306,-0.10937,0.96504,0.70059
SPY240731C00517000,SPY,2024-07-31,517.00,call,14.87,14.90,14.87,50,14.94,118,73,75,2024-05-06,0.11709,0.59280,0.01322,-0.10879,0.97314,0.68640
SPY240731C00518000,SPY,2024-07-31,518.00,call,13.66,14.30,14.27,59,14.33,5,89,126,2024-05-06,0.11663,0.57977,0.01337,-0.10811,0.98026,0.67196
SPY240731C00519000,SPY,2024-07-31,519.00,call,13.20,13.71,13.68,59,13.75,225,2,125,2024-05-06,0.11617,0.56658,0.01350,-0.10736,0.98636,0.65730
SPY240731C00520000,SPY,2024-07-31,520.00,call,13.09,13.14,13.11,59,13.17,31,89,3626,2024-05-06,0.11571,0.55324,0.01363,-0.10651,0.99141,0.64241
SPY240731C00521000,SPY,2024-07-31,521.00,call,12.17,12.58,12.55,59,12.61,146,3013,67,2024-05-06,0.11541,0.53973,0.01372,-0.10566,0.99536,0.62726
SPY240731C00522000,SPY,2024-07-31,522.00,call,11.01,12.03,12.00,59,12.06,31,12,150,2024-05-06,0.11495,0.52614,0.01381,-0.10464,0.99818,0.61202
SPY240731C00523000,SPY,2024-07-31,523.00,call,10.84,11.50,11.47,59,11.53,237,4,121,2024-05-06,0.11449,0.51243,0.01389,-0.10353,0.99984,0.59660
SPY240731C00524000,SPY,2024-07-31,524.00,call,10.27,10.98,10.95,83,11.01,31,2,77,2024-05-06,0.11404,0.49863,0.01395,-0.10233,1.00032,0.58103
SPY240731C00525000,SPY,2024-07-31,525.00,call,10.03,10.47,10.44,153,10.51,257,77,701,2024-05-06,0.11358,0.48474,0.01400,-0.10105,0.99960,0.56533
SPY240731C00526000,SPY,2024-07-31,526.00,call,9.48,9.98,9.95,100,10.01,31,24,73,2024-05-06,0.11327,0.47086,0.01401,-0.09976,0.99766,0.54956
SPY240731C00527000,SPY,2024-07-31,527.00,call,8.98,9.51,9.48,83,9.54,184,16,61,2024-05-06,0.11282,0.45687,0.01402,-0.09830,0.99448,0.53368
SPY240731C00528000,SPY,2024-07-31,528.00,call,8.78,9.05,9.02,83,9.08,217,3,81,2024-05-06,0.11251,0.44296,0.01400,-0.09686,0.99008,0.51781
SPY240731C00529000,SPY,2024-07-31,529.00,call,8.25,8.60,8.57,164,8.63,206,19,140,2024-05-06,0.11206,0.42894,0.01397,-0.09523,0.98442,0.50182
SPY240731C00530000,SPY,2024-07-31,530.00,call,7.78,8.17,8.14,117,8.20,253,68,1973,2024-05-06,0.11175,0.41507,0.01391,-0.09363,0.97757,0.48594
SPY240731C00531000,SPY,2024-07-31,531.00,call,7.34,7.75,7.72,186,7.78,243,157,3771,2024-05-06,0.11129,0.40109,0.01385,-0.09185,0.96942,0.46993
SPY240731C00532000,SPY,2024-07-31,532.00,call,6.82,7.34,7.31,334,7.38,363,51,6356,2024-05-06,0.11099,0.38733,0.01376,-0.09010,0.96016,0.45413
SPY240731C00533000,SPY,2024-07-31,533.00,call,5.98,6.96,6.92,337,6.99,350,1,9,2024-05-06,0.11068,0.37366,0.01365,-0.08829,0.94974,0.43839
SPY240731C00534000,SPY,2024-07-31,534.00,call,5.83,6.58,6.55,243,6.61,257,1,74,2024-05-06,0.11023,0.35989,0.01353,-0.08630,0.93798,0.42254
SPY240731C00535000,SPY,2024-07-31,535.00,call,6.21,6.22,6.19,243,6.25,273,4,443,2024-05-06,0.10992,0.34643,0.01339,-0.08436,0.92527,0.40700
SPY240731C00536000,SPY,2024-07-31,536.00,call,5.87,5.87,5.84,330,5.90,193,1,202,2024-05-06,0.10962,0.33312,0.01323,-0.08236,0.91148,0.39161
SPY240731C00537000,SPY,2024-07-31,537.00,call,2.91,5.54,5.51,276,5.57,244,0,20,2024-05-06,0.10931,0.31997,0.01305,-0.08031,0.89665,0.37638
SPY240731C00538000,SPY,2024-07-31,538.00,call,4.98,5.22,5.19,358,5.25,182,3,82,2024-05-06,0.10901,0.30699,0.01285,-0.07822,0.88083,0.36134
SPY240731C00539000,SPY,2024-07-31,539.00,call,4.90,4.92,4.89,240,4.95,727,21,365,2024-05-06,0.10870,0.29420,0.01264,-0.07608,0.86407,0.34649
SPY240731C00540000,SPY,2024-07-31,540.00,call,4.61,4.63,4.60,337,4.66,741,18,3741,2024-05-06,0.10840,0.28161,0.01242,-0.07391,0.84641,0.33186
SPY240731C00545000,SPY,2024-07-31,545.00,call,3.14,3.36,3.34,244,3.38,41,106,908,2024-05-06,0.10718,0.22291,0.01110,-0.06294,0.74804,0.26338
SPY240731C00550000,SPY,2024-07-31,550.00,call,2.19,2.38,2.36,550,2.40,40,90,856,2024-05-06,0.10596,0.17123,0.00957,-0.05184,0.63744,0.20280
SPY240731C00555000,SPY,2024-07-31,555.00,call,1.54,1.65,1.63,688,1.67,40,249,3462,2024-05-06,0.10504,0.12808,0.00795,-0.04148,0.52498,0.15200
SPY240731C00560000,SPY,2024-07-31,560.00,call,1.03,1.12,1.11,1271,1.13,395,156,1621,2024-05-06,0.10443,0.09352,0.00638,-0.03233,0.41893,0.11119
SPY240731C00565000,SPY,2024-07-31,565.00,call,0.72,0.75,0.74,855,0.76,1,13,710,2024-05-06,0.10413,0.06690,0.00497,-0.02462,0.32512,0.07966
SPY240731C00570000,SPY,2024-07-31,570.00,call,0.48,0.51,0.50,581,0.52,1968,23,2779,2024-05-06,0.10459,0.04785,0.00380,-0.01872,0.24970,0.05704
SPY240731C00575000,SPY,2024-07-31,575.00,call,0.35,0.35,0.34,606,0.36,2588,5,452,2024-05-06,0.10550,0.03425,0.00287,-0.01421,0.19034,0.04086
SPY240731C00580000,SPY,2024-07-31,580.00,call,0.19,0.24,0.24,169,0.25,939,0,812,2024-05-06,0.10642,0.02424,0.00213,-0.01063,0.14278,0.02893
SPY240731C00585000,SPY,2024-07-31,585.00,call,0.16,0.17,0.17,303,0.18,939,13,275,2024-05-06,0.10809,0.01763,0.00160,-0.00816,0.10904,0.02106
SPY240731C00590000,SPY,2024-07-31,590.00,call,0.13,0.14,0.13,177,0.14,1078,20,1138,2024-05-06,0.11206,0.01443,0.00130,-0.00705,0.09182,0.01723
SPY240731C00595000,SPY,2024-07-31,595.00,call,0.10,0.11,0.10,177,0.11,1364,1,974,2024-05-06,0.11495,0.01130,0.00103,-0.00580,0.07431,0.01349
SPY240731C00600000,SPY,2024-07-31,600.00,call,0.08,0.08,0.08,185,0.09,1654,221,2032,2024-05-06,0.11678,0.00839,0.00078,-0.00451,0.05733,0.01003
SPY240731C00605000,SPY,2024-07-31,605.00,call,0.07,0.07,0.06,212,0.07,939,1,534,2024-05-06,0.12090,0.00716,0.00066,-0.00403,0.04982,0.00854
SPY240731C00610000,SPY,2024-07-31,610.00,call,0.03,0.06,0.05,177,0.06,1295,0,29,2024-05-06,0.12471,0.00606,0.00055,-0.00357,0.04301,0.00723
SPY240731C00615000,SPY,2024-07-31,615.00,call,0.02,0.04,0.04,212,0.05,1099,0,133,2024-05-06,0.12501,0.00418,0.00039,-0.00256,0.03092,0.00500
SPY240731C00620000,SPY,2024-07-31,620.00,call,0.03,0.04,0.04,177,0.05,1992,0,1015,2024-05-06,0.13050,0.00401,0.00036,-0.00256,0.02977,0.00479
SPY240731C00625000,SPY,2024-07-31,625.00,call,0.03,0.04,0.03,177,0.04,1347,8,1150,2024-05-06,0.13599,0.00387,0.00034,-0.00257,0.02883,0.00461
SPY240816C00200000,SPY,2024-08-16,200.00,call,303.88,317.90,317.52,75,318.28,10,0,167,2024-05-06,0.09549,1.00000,0.00000,-0.02877,0.00000,0.55064
SPY240816C00205000,SPY,2024-08-16,205.00,call,288.23,312.99,312.61,75,313.36,10,0,3,2024-05-06,0.09399,1.00000,0.00000,-0.02949,0.00000,0.56441
SPY240816C00210000,SPY,2024-08-16,210.00,call,283.44,308.06,307.69,75,308.44,10,0,2,2024-05-06,0.09248,1.00000,0.00000,-0.03021,0.00000,0.57817
SPY240816C00215000,SPY,2024-08-16,215.00,call,278.60,303.15,302.78,75,303.52,10,0,1,2024-05-06,0.09097,1.00000,0.00000,-0.03093,0.00000,0.59194
SPY240816C00220000,SPY,2024-08-16,220.00,call,281.91,298.24,297.87,75,298.60,10,0,0,2024-05-06,0.08946,1.00000,0.00000,-0.03165,0.00000,0.60571
SPY240816C00225000,SPY,2024-08-16,225.00,call,302.58,293.31,292.95,75,293.68,10,0,1,2024-05-06,0.08795,1.00000,0.00000,-0.03237,0.00000,0.61947
SPY240816C00230000,SPY,2024-08-16,230.00,call,270.21,288.40,288.04,75,288.76,10,0,3,2024-05-06,0.08644,1.00000,0.00000,-0.03309,0.00000,0.63324
SPY240816C00235000,SPY,2024-08-16,235.00,call,271.26,283.49,283.13,75,283.84,10,0,76,2024-05-06,0.08494,1.00000,0.00000,-0.03381,0.00000,0.64700
SPY240816C00240000,SPY,2024-08-16,240.00,call,268.70,278.56,278.21,75,278.92,10,0,78,2024-05-06,0.08343,1.00000,0.00000,-0.03453,0.00000,0.66077
SPY240816C00245000,SPY,2024-08-16,245.00,call,263.97,273.65,273.30,75,274.00,10,0,3,2024-05-06,0.08192,1.00000,0.00000,-0.03525,0.00000,0.67454
SPY240816C00250000,SPY,2024-08-16,250.00,call,259.11,268.74,268.39,75,269.08,10,0,6,2024-05-06,0.08041,1.00000,0.00000,-0.03597,0.00000,0.68830
SPY240816C00255000,SPY,2024-08-16,255.00,call,254.25,263.83,263.48,75,264.17,10,0,77,2024-05-06,0.07890,1.00000,0.00000,-0.03669,0.00000,0.70207
SPY240816C00260000,SPY,2024-08-16,260.00,call,268.26,258.91,258.57,75,259.25,10,0,2,2024-05-06,0.07740,1.00000,0.00000,-0.03741,0.00000,0.71583
SPY240816C00265000,SPY,2024-08-16,265.00,call,247.19,254.00,253.66,75,254.33,10,0,3,2024-05-06,0.07589,1.00000,0.00000,-0.03813,0.00000,0.72960
SPY240816C00270000,SPY,2024-08-16,270.00,call,258.43,249.08,248.75,75,249.42,10,0,1,2024-05-06,0.07438,1.00000,0.00000,-0.03884,0.00000,0.74337
SPY240816C00275000,SPY,2024-08-16,275.00,call,237.00,244.17,243.84,75,244.50,10,0,2,2024-05-06,0.07287,1.00000,0.00000,-0.03956,0.00000,0.75713
SPY240816C00280000,SPY,2024-08-16,280.00,call,232.40,239.26,238.93,75,239.59,10,0,4,2024-05-06,0.07136,1.00000,0.00000,-0.04028,0.00000,0.77090
SPY240816C00285000,SPY,2024-08-16,285.00,call,224.73,234.34,234.02,75,234.67,10,0,1,2024-05-06,0.06985,1.00000,0.00000,-0.04100,0.00000,0.78466
SPY240816C00290000,SPY,2024-08-16,290.00,call,219.15,229.44,229.12,75,229.76,10,0,1,2024-05-06,0.06835,1.00000,0.00000,-0.04172,0.00000,0.79843
SPY240816C00295000,SPY,2024-08-16,295.00,call,220.08,224.53,224.21,75,224.85,10,0,2,2024-05-06,0.06684,1.00000,0.00000,-0.04244,0.00000,0.81220
SPY240816C00300000,SPY,2024-08-16,300.00,call,206.43,219.62,219.30,75,219.94,10,0,3,2024-05-06,0.06533,1.00000,0.00000,-0.04316,0.00000,0.82596
SPY240816C00305000,SPY,2024-08-16,305.00,call,205.26,214.71,214.40,75,215.02,10,0,12,2024-05-06,0.06382,1.00000,0.00000,-0.04388,0.00000,0.83973
SPY240816C00310000,SPY,2024-08-16,310.00,call,207.97,209.80,209.49,75,210.11,10,2,4,2024-05-06,0.06231,1.00000,0.00000,-0.04460,0.00000,0.85349
SPY240816C00315000,SPY,2024-08-16,315.00,call,194.58,204.90,204.59,75,205.21,10,0,2,2024-05-06,0.06080,1.00000,0.00000,-0.04532,0.00000,0.86726
SPY240816C00320000,SPY,2024-08-16,320.00,call,183.03,200.00,199.69,75,200.30,10,0,9,2024-05-06,0.05930,1.00000,0.00000,-0.04604,0.00000,0.88103
SPY240816C00325000,SPY,2024-08-16,325.00,call,187.98,195.08,194.78,75,195.39,10,0,6,2024-05-06,0.05779,1.00000,0.00000,-0.04676,0.00000,0.89479
SPY240816C00330000,SPY,2024-08-16,330.00,call,188.32,190.18,189.88,75,190.48,10,2,77,2024-05-06,0.05628,1.00000,0.00000,-0.04748,0.00000,0.90856
SPY240816C00335000,SPY,2024-08-16,335.00,call,175.09,185.30,184.98,75,185.62,75,0,81,2024-05-06,0.05477,1.00000,0.00000,-0.04820,0.00000,0.92232
SPY240816C00340000,SPY,2024-08-16,340.00,call,173.41,180.40,180.08,75,180.71,75,0,5,2024-05-06,0.05326,1.00000,0.00000,-0.04892,0.00000,0.93609
SPY240816C00345000,SPY,2024-08-16,345.00,call,162.37,175.50,175.19,75,175.81,75,0,79,2024-05-06,0.05175,1.00000,0.00000,-0.04963,0.00000,0.94986
SPY240816C00350000,SPY,2024-08-16,350.00,call,157.67,170.60,170.29,75,170.91,75,0,5,2024-05-06,0.05025,1.00000,0.00000,-0.05035,0.00000,0.96362
SPY240816C00355000,SPY,2024-08-16,355.00,call,149.70,165.70,165.39,75,166.01,75,0,5,2024-05-06,0.04874,1.00000,0.00000,-0.05107,0.00000,0.97739
SPY240816C00360000,SPY,2024-08-16,360.00,call,155.86,160.81,160.50,75,161.11,75,0,45,2024-05-06,0.04723,1.00000,0.00000,-0.05179,0.00000,0.99115
SPY240816C00365000,SPY,2024-08-16,365.00,call,143.52,155.91,155.61,75,156.21,75,0,80,2024-05-06,0.04572,1.00000,0.00000,-0.05251,0.00000,1.00492
SPY240816C00370000,SPY,2024-08-16,370.00,call,139.26,151.02,150.72,75,151.32,75,0,4,2024-05-06,0.04421,1.00000,0.00000,-0.05323,0.00000,1.01869
SPY240816C00375000,SPY,2024-08-16,375.00,call,134.31,146.12,145.83,75,146.42,75,0,6,2024-05-06,0.04271,1.00000,0.00000,-0.05395,0.00000,1.03245
SPY240816C00380000,SPY,2024-08-16,380.00,call,129.53,141.25,140.95,75,141.54,75,0,8,2024-05-06,0.04120,1.00000,0.00000,-0.05467,0.00000,1.04622
SPY240816C00385000,SPY,2024-08-16,385.00,call,125.82,136.36,136.07,75,136.65,75,0,1,2024-05-06,0.03969,1.00000,0.00000,-0.05539,0.00000,1.05998
SPY240816C00390000,SPY,2024-08-16,390.00,call,122.36,131.47,131.19,75,131.76,75,0,7,2024-05-06,0.03818,1.00000,0.00000,-0.05611,0.00000,1.07375
SPY240816C00395000,SPY,2024-08-16,395.00,call,122.10,126.59,126.31,75,126.88,75,0,10,2024-05-06,0.03667,1.00000,0.00000,-0.05683,0.00000,1.08752
SPY240816C00400000,SPY,2024-08-16,400.00,call,107.90,121.72,121.44,75,122.01,75,0,54,2024-05-06,0.03516,1.00000,0.00000,-0.05755,0.00000,1.10128
SPY240816C00405000,SPY,2024-08-16,405.00,call,107.50,116.85,116.57,75,117.14,75,0,5,2024-05-06,0.03366,1.00000,0.00000,-0.05827,0.00000,1.11505
SPY240816C00410000,SPY,2024-08-16,410.00,call,102.32,112.00,111.72,75,112.27,75,0,62,2024-05-06,0.03215,1.00000,0.00000,-0.05899,0.00000,1.12881
SPY240816C00415000,SPY,2024-08-16,415.00,call,97.02,107.14,106.86,153,107.42,153,0,344,2024-05-06,0.03064,1.00000,0.00000,-0.05971,0.00000,1.14258
SPY240816C00420000,SPY,2024-08-16,420.00,call,95.81,102.29,102.02,153,102.57,153,0,326,2024-05-06,0.02913,1.00000,0.00000,-0.06042,0.00000,1.15635
SPY240816C00425000,SPY,2024-08-16,425.00,call,95.65,97.46,97.18,153,97.73,153,1,101,2024-05-06,0.02762,1.00000,0.00000,-0.06114,0.00000,1.17011
SPY240816C00430000,SPY,2024-08-16,430.00,call,91.84,92.63,92.36,153,92.90,153,2,176,2024-05-06,0.02611,1.00000,0.00000,-0.06186,0.00000,1.18388
SPY240816C00435000,SPY,2024-08-16,435.00,call,86.65,87.82,87.55,153,88.09,153,3,540,2024-05-06,0.02461,1.00000,0.00000,-0.06258,0.00000,1.19764
SPY240816C00440000,SPY,2024-08-16,440.00,call,69.79,83.03,82.76,153,83.29,153,0,268,2024-05-06,0.02310,1.00000,0.00000,-0.06330,0.00000,1.21141
SPY240816C00445000,SPY,2024-08-16,445.00,call,77.96,78.25,77.99,153,78.51,153,10,1184,2024-05-06,0.13141,0.99171,0.00063,-0.06736,0.06176,1.21293
SPY240816C00450000,SPY,2024-08-16,450.00,call,72.25,73.50,73.24,153,73.75,153,1,648,2024-05-06,0.14209,0.98090,0.00120,-0.07212,0.12716,1.21059
SPY240816C00455000,SPY,2024-08-16,455.00,call,66.90,68.78,68.52,153,69.03,153,1,986,2024-05-06,0.14605,0.96963,0.00172,-0.07654,0.18771,1.20751
SPY240816C00460000,SPY,2024-08-16,460.00,call,63.15,64.08,63.83,153,64.33,153,2,1825,2024-05-06,0.14681,0.95775,0.00225,-0.08059,0.24598,1.20351
SPY240816C00465000,SPY,2024-08-16,465.00,call,57.81,59.43,59.18,153,59.68,153,1,2190,2024-05-06,0.14651,0.94397,0.00282,-0.08467,0.30824,1.19662
SPY240816C00470000,SPY,2024-08-16,470.00,call,45.26,54.83,54.59,153,55.07,153,0,3235,2024-05-06,0.14544,0.92799,0.00345,-0.08871,0.37469,1.18640
SPY240816C00471000,SPY,2024-08-16,471.00,call,52.28,53.91,53.67,153,54.16,153,5,120,2024-05-06,0.14498,0.92473,0.00359,-0.08943,0.38760,1.18426
SPY240816C00472000,SPY,2024-08-16,472.00,call,51.39,53.00,52.76,153,53.24,153,5,481,2024-05-06,0.14468,0.92114,0.00372,-0.09023,0.40158,1.18162
SPY240816C00473000,SPY,2024-08-16,473.00,call,43.53,52.10,51.86,153,52.34,153,0,64,2024-05-06,0.14452,0.91720,0.00387,-0.09110,0.41663,1.17845
SPY240816C00474000,SPY,2024-08-16,474.00,call,46.52,51.19,50.95,153,51.43,153,0,9,2024-05-06,0.14407,0.91355,0.00401,-0.09183,0.43035,1.17571
SPY240816C00475000,SPY,2024-08-16,475.00,call,48.42,50.28,50.05,153,50.52,153,2,154,2024-05-06,0.14346,0.90998,0.00415,-0.09249,0.44354,1.17310
SPY240816C00476000,SPY,2024-08-16,476.00,call,59.11,49.38,49.15,153,49.62,153,0,579,2024-05-06,0.14300,0.90605,0.00429,-0.09323,0.45777,1.16996
SPY240816C00477000,SPY,2024-08-16,477.00,call,58.22,48.49,48.26,153,48.73,153,0,3,2024-05-06,0.14285,0.90154,0.00445,-0.09410,0.47384,1.16591
SPY240816C00478000,SPY,2024-08-16,478.00,call,35.90,47.59,47.36,153,47.83,153,0,53,2024-05-06,0.14224,0.89755,0.00460,-0.09476,0.48777,1.16268
SPY240816C00479000,SPY,2024-08-16,479.00,call,39.96,46.70,46.47,153,46.94,153,0,486,2024-05-06,0.14178,0.89319,0.00475,-0.09550,0.50271,1.15888
SPY240816C00480000,SPY,2024-08-16,480.00,call,44.01,45.82,45.59,153,46.05,153,1,628,2024-05-06,0.14148,0.88845,0.00492,-0.09630,0.51866,1.15448
SPY240816C00481000,SPY,2024-08-16,481.00,call,43.17,44.94,44.71,153,45.17,153,3,12,2024-05-06,0.14102,0.88378,0.00508,-0.09702,0.53403,1.15021
SPY240816C00482000,SPY,2024-08-16,482.00,call,35.39,44.05,43.83,153,44.28,153,0,4,2024-05-06,0.14041,0.87920,0.00524,-0.09766,0.54883,1.14607
SPY240816C00483000,SPY,2024-08-16,483.00,call,33.39,43.18,42.95,153,43.41,153,0,7,2024-05-06,0.13995,0.87422,0.00541,-0.09837,0.56459,1.14133
SPY240816C00484000,SPY,2024-08-16,484.00,call,41.63,42.30,42.08,153,42.53,153,1,15,2024-05-06,0.13934,0.86932,0.00558,-0.09900,0.57977,1.13671
SPY240816C00485000,SPY,2024-08-16,485.00,call,39.68,41.44,41.22,153,41.66,153,1,567,2024-05-06,0.13888,0.86401,0.00575,-0.09969,0.59587,1.13146
SPY240816C00486000,SPY,2024-08-16,486.00,call,39.06,40.58,40.35,153,40.80,153,1,30,2024-05-06,0.13843,0.85853,0.00593,-0.10037,0.61211,1.12596
SPY240816C00487000,SPY,2024-08-16,487.00,call,34.66,39.72,39.50,153,39.94,153,0,180,2024-05-06,0.13797,0.85289,0.00611,-0.10104,0.62848,1.12019
SPY240816C00488000,SPY,2024-08-16,488.00,call,31.88,38.86,38.64,153,39.08,153,0,61,2024-05-06,0.13736,0.84731,0.00629,-0.10162,0.64426,1.11455
SPY240816C00489000,SPY,2024-08-16,489.00,call,27.65,38.02,37.80,153,38.23,153,0,12,2024-05-06,0.13690,0.84131,0.00647,-0.10226,0.66085,1.10824
SPY240816C00490000,SPY,2024-08-16,490.00,call,33.46,37.17,36.95,153,37.38,153,0,758,2024-05-06,0.13629,0.83539,0.00666,-0.10281,0.67684,1.10206
SPY240816C00491000,SPY,2024-08-16,491.00,call,32.41,36.33,36.11,153,36.54,153,0,120,2024-05-06,0.13568,0.82928,0.00685,-0.10334,0.69291,1.09559
SPY240816C00492000,SPY,2024-08-16,492.00,call,31.70,35.50,35.28,153,35.71,153,0,132,2024-05-06,0.13523,0.82273,0.00704,-0.10392,0.70969,1.08846
SPY240816C00493000,SPY,2024-08-16,493.00,call,33.50,34.67,34.45,153,34.88,153,1,112,2024-05-06,0.13462,0.81625,0.00723,-0.10441,0.72586,1.08142
SPY240816C00494000,SPY,2024-08-16,494.00,call,29.00,33.84,33.63,153,34.05,153,0,133,2024-05-06,0.13401,0.80957,0.00743,-0.10487,0.74205,1.07410
SPY240816C00495000,SPY,2024-08-16,495.00,call,33.00,33.02,32.82,159,33.23,100,18,710,2024-05-06,0.13340,0.80271,0.00762,-0.10531,0.75825,1.06648
SPY240816C00496000,SPY,2024-08-16,496.00,call,29.10,32.22,32.01,153,32.42,153,0,375,2024-05-06,0.13294,0.79540,0.00782,-0.10580,0.77498,1.05817
SPY240816C00497000,SPY,2024-08-16,497.00,call,28.30,31.41,31.20,153,31.61,153,0,352,2024-05-06,0.13233,0.78814,0.00802,-0.10618,0.79108,1.04995
SPY240816C00498000,SPY,2024-08-16,498.00,call,26.37,30.61,30.41,153,30.81,153,0,192,2024-05-06,0.13172,0.78068,0.00822,-0.10653,0.80711,1.04142
SPY240816C00499000,SPY,2024-08-16,499.00,call,29.86,29.80,29.62,159,29.99,12,5,2630,2024-05-06,0.13096,0.77326,0.00842,-0.10678,0.82256,1.03296
SPY240816C00500000,SPY,2024-08-16,500.00,call,28.43,29.04,28.84,159,29.23,100,73,3323,2024-05-06,0.13065,0.76492,0.00861,-0.10721,0.83931,1.02306
SPY240816C00505000,SPY,2024-08-16,505.00,call,25.28,25.25,25.19,24,25.30,16,62,7893,2024-05-06,0.12791,0.72210,0.00960,-0.10821,0.91587,0.97185
SPY240816C00510000,SPY,2024-08-16,510.00,call,21.55,21.66,21.62,51,21.71,51,128,5633,2024-05-06,0.12516,0.67424,0.01054,-0.10806,0.98378,0.91277
SPY240816C00515000,SPY,2024-08-16,515.00,call,18.30,18.33,18.29,50,18.37,102,307,4456,2024-05-06,0.12257,0.62143,0.01136,-0.10660,1.03855,0.84586
SPY240816C00520000,SPY,2024-08-16,520.00,call,15.23,15.28,15.24,59,15.31,120,208,7633,2024-05-06,0.12029,0.56433,0.01199,-0.10374,1.07522,0.77193
SPY240816C00525000,SPY,2024-08-16,525.00,call,12.60,12.50,12.47,59,12.54,120,1063,4835,2024-05-06,0.11770,0.50412,0.01241,-0.09905,1.08936,0.69281
SPY240816C00530000,SPY,2024-08-16,530.00,call,10.04,10.06,10.03,59,10.09,120,1389,12076,2024-05-06,0.11556,0.44205,0.01251,-0.09294,1.07790,0.61003
SPY240816C00535000,SPY,2024-08-16,535.00,call,8.00,7.93,7.90,216,7.96,136,469,12089,2024-05-06,0.11358,0.37989,0.01228,-0.08538,1.03966,0.52622
SPY240816C00540000,SPY,2024-08-16,540.00,call,6.15,6.13,6.10,309,6.16,155,147,8760,2024-05-06,0.11175,0.31946,0.01171,-0.07666,0.97586,0.44401
SPY240816C00545000,SPY,2024-08-16,545.00,call,4.65,4.64,4.62,396,4.67,171,57,9164,2024-05-06,0.11007,0.26250,0.01084,-0.06715,0.89013,0.36596
SPY240816C00550000,SPY,2024-08-16,550.00,call,3.45,3.46,3.43,187,3.48,574,106,9503,2024-05-06,0.10885,0.21124,0.00973,-0.05757,0.78974,0.29526
SPY240816C00555000,SPY,2024-08-16,555.00,call,2.47,2.52,2.50,276,2.54,676,154,1926,2024-05-06,0.10763,0.16580,0.00847,-0.04802,0.67998,0.23229
SPY240816C00560000,SPY,2024-08-16,560.00,call,1.81,1.81,1.79,363,1.83,937,182,16981,2024-05-06,0.10672,0.12742,0.00716,-0.03915,0.56969,0.17888
SPY240816C00565000,SPY,2024-08-16,565.00,call,1.27,1.27,1.26,2167,1.29,13,15,1055,2024-05-06,0.10596,0.09578,0.00588,-0.03116,0.46434,0.13471
SPY240816C00570000,SPY,2024-08-16,570.00,call,0.90,0.90,0.89,1026,0.91,917,17,1824,2024-05-06,0.10596,0.07170,0.00473,-0.02467,0.37346,0.10098
SPY240816C00575000,SPY,2024-08-16,575.00,call,0.59,0.63,0.62,2334,0.64,1114,52,772,2024-05-06,0.10596,0.05270,0.00372,-0.01914,0.29368,0.07432
SPY240816C00580000,SPY,2024-08-16,580.00,call,0.42,0.45,0.44,1402,0.46,2374,29,1369,2024-05-06,0.10672,0.03914,0.00291,-0.01498,0.23122,0.05525
SPY240816C00585000,SPY,2024-08-16,585.00,call,0.31,0.32,0.31,2948,0.33,335,23,531,2024-05-06,0.10748,0.02879,0.00224,-0.01159,0.17956,0.04067
SPY240816C00590000,SPY,2024-08-16,590.00,call,0.23,0.24,0.23,1477,0.25,2178,72,1473,2024-05-06,0.10931,0.02203,0.00176,-0.00932,0.14352,0.03114
SPY240816C00595000,SPY,2024-08-16,595.00,call,0.17,0.18,0.17,1837,0.19,1734,218,987,2024-05-06,0.11114,0.01688,0.00138,-0.00748,0.11442,0.02386
SPY240816C00600000,SPY,2024-08-16,600.00,call,0.13,0.14,0.13,1475,0.15,2272,53,14192,2024-05-06,0.11327,0.01316,0.00109,-0.00610,0.09235,0.01860
SPY240816C00605000,SPY,2024-08-16,605.00,call,0.11,0.11,0.11,177,0.12,1834,15,1150,2024-05-06,0.11571,0.01047,0.00088,-0.00507,0.07574,0.01480
SPY240816C00610000,SPY,2024-08-16,610.00,call,0.09,0.10,0.09,177,0.10,2069,60,3135,2024-05-06,0.11998,0.00927,0.00076,-0.00469,0.06813,0.01310
SPY240816C00615000,SPY,2024-08-16,615.00,call,0.08,0.08,0.07,177,0.08,1241,10,2395,2024-05-06,0.12227,0.00743,0.00062,-0.00391,0.05611,0.01051
SPY240816C00620000,SPY,2024-08-16,620.00,call,0.06,0.07,0.06,185,0.07,1610,39,3383,2024-05-06,0.12577,0.00643,0.00053,-0.00352,0.04936,0.00908
SPY240816C00625000,SPY,2024-08-16,625.00,call,0.04,0.06,0.05,177,0.06,1424,0,1768,2024-05-06,0.12882,0.00546,0.00044,-0.00310,0.04271,0.00772
SPY240816C00630000,SPY,2024-08-16,630.00,call,0.03,0.04,0.04,832,0.05,1245,0,1082,2024-05-06,0.12837,0.00377,0.00032,-0.00221,0.03069,0.00533
SPY240816C00635000,SPY,2024-08-16,635.00,call,0.03,0.04,0.04,177,0.05,1902,3,131,2024-05-06,0.13324,0.00364,0.00030,-0.00221,0.02973,0.00514
SPY240816C00640000,SPY,2024-08-16,640.00,call,0.03,0.04,0.03,832,0.04,1194,0,213,2024-05-06,0.13812,0.00353,0.00028,-0.00222,0.02893,0.00499
SPY240816C00645000,SPY,2024-08-16,645.00,call,0.03,0.04,0.03,177,0.04,1346,16,208,2024-05-06,0.14300,0.00344,0.00027,-0.00224,0.02827,0.00486
SPY240816C00650000,SPY,2024-08-16,650.00,call,0.02,0.03,0.02,826,0.03,710,0,2861,2024-05-06,0.14361,0.00262,0.00021,-0.00175,0.02208,0.00369
SPY240830C00335000,SPY,2024-08-30,335.00,call,179.26,186.14,185.78,75,186.51,10,0,11,2024-05-06,0.04822,1.00000,0.00000,-0.04810,0.00000,1.04677
SPY240830C00340000,SPY,2024-08-30,340.00,call,174.11,181.26,180.90,75,181.62,10,0,5,2024-05-06,0.04689,1.00000,0.00000,-0.04882,0.00000,1.06240
SPY240830C00345000,SPY,2024-08-30,345.00,call,174.49,176.38,176.02,75,176.73,15,2,72,2024-05-06,0.04556,1.00000,0.00000,-0.04953,0.00000,1.07802
SPY240830C00350000,SPY,2024-08-30,350.00,call,164.47,171.49,171.14,75,171.84,15,0,10,2024-05-06,0.04423,1.00000,0.00000,-0.05025,0.00000,1.09365
SPY240830C00355000,SPY,2024-08-30,355.00,call,159.62,166.61,166.26,75,166.96,15,0,17,2024-05-06,0.04291,1.00000,0.00000,-0.05097,0.00000,1.10927
SPY240830C00360000,SPY,2024-08-30,360.00,call,156.54,161.73,161.38,75,162.08,10,0,56,2024-05-06,0.04158,1.00000,0.00000,-0.05169,0.00000,1.12489
SPY240830C00365000,SPY,2024-08-30,365.00,call,150.08,156.85,156.51,75,157.20,10,0,157,2024-05-06,0.04025,1.00000,0.00000,-0.05240,0.00000,1.14052
SPY240830C00370000,SPY,2024-08-30,370.00,call,138.81,151.98,151.64,75,152.32,15,0,20,2024-05-06,0.03892,1.00000,0.00000,-0.05312,0.00000,1.15614
SPY240830C00375000,SPY,2024-08-30,375.00,call,140.43,147.11,146.77,75,147.45,10,0,12,2024-05-06,0.03760,1.00000,0.00000,-0.05384,0.00000,1.17176
SPY240830C00380000,SPY,2024-08-30,380.00,call,136.48,142.24,141.91,75,142.57,10,0,45,2024-05-06,0.03627,1.00000,0.00000,-0.05456,0.00000,1.18739
SPY240830C00385000,SPY,2024-08-30,385.00,call,130.87,137.38,137.05,75,137.71,10,0,10,2024-05-06,0.03494,1.00000,0.00000,-0.05528,0.00000,1.20301
SPY240830C00390000,SPY,2024-08-30,390.00,call,126.46,132.51,132.19,75,132.84,10,0,20,2024-05-06,0.03361,1.00000,0.00000,-0.05599,0.00000,1.21863
SPY240830C00395000,SPY,2024-08-30,395.00,call,121.62,127.66,127.34,75,127.98,10,0,16,2024-05-06,0.03228,1.00000,0.00000,-0.05671,0.00000,1.23426
SPY240830C00400000,SPY,2024-08-30,400.00,call,116.85,122.81,122.49,75,123.13,10,0,23,2024-05-06,0.03096,1.00000,0.00000,-0.05743,0.00000,1.24988
SPY240830C00405000,SPY,2024-08-30,405.00,call,102.16,117.97,117.65,75,118.28,10,0,26,2024-05-06,0.02963,1.00000,0.00000,-0.05815,0.00000,1.26550
SPY240830C00410000,SPY,2024-08-30,410.00,call,104.60,113.12,112.81,153,113.44,10,0,5,2024-05-06,0.02830,1.00000,0.00000,-0.05887,0.00000,1.28113
SPY240830C00415000,SPY,2024-08-30,415.00,call,98.61,108.30,107.99,153,108.61,10,0,203,2024-05-06,0.02697,1.00000,0.00000,-0.05958,0.00000,1.29675
SPY240830C00420000,SPY,2024-08-30,420.00,call,94.78,103.48,103.17,153,103.79,10,0,71,2024-05-06,0.02564,1.00000,0.00000,-0.06030,0.00000,1.31237
SPY240830C00425000,SPY,2024-08-30,425.00,call,89.36,98.67,98.37,153,98.97,10,0,169,2024-05-06,0.02432,1.00000,0.00000,-0.06102,0.00000,1.32800
SPY240830C00430000,SPY,2024-08-30,430.00,call,88.29,93.88,93.57,153,94.18,10,0,26,2024-05-06,0.14468,0.99374,0.00042,-0.06446,0.05138,1.33308
SPY240830C00435000,SPY,2024-08-30,435.00,call,87.32,89.09,88.80,153,89.39,10,1,98,2024-05-06,0.15398,0.98674,0.00076,-0.06801,0.09917,1.33680
SPY240830C00440000,SPY,2024-08-30,440.00,call,82.63,84.36,84.04,153,84.67,153,1,27,2024-05-06,0.16022,0.97773,0.00114,-0.07210,0.15445,1.33703
SPY240830C00445000,SPY,2024-08-30,445.00,call,70.65,79.62,79.31,10,79.92,153,0,40,2024-05-06,0.16129,0.96939,0.00147,-0.07550,0.20147,1.33841
SPY240830C00450000,SPY,2024-08-30,450.00,call,73.81,74.90,74.59,153,75.20,153,2,312,2024-05-06,0.16068,0.96040,0.00183,-0.07875,0.24891,1.33865
SPY240830C00455000,SPY,2024-08-30,455.00,call,61.08,70.21,69.91,153,70.51,153,0,12,2024-05-06,0.15931,0.95018,0.00222,-0.08199,0.29946,1.33678
SPY240830C00458000,SPY,2024-08-30,458.00,call,59.00,67.42,67.12,153,67.72,153,0,12,2024-05-06,0.15840,0.94318,0.00247,-0.08400,0.33238,1.33415
SPY240830C00459000,SPY,2024-08-30,459.00,call,58.03,66.49,66.19,153,66.79,153,0,88,2024-05-06,0.15794,0.94084,0.00256,-0.08462,0.34309,1.33327
SPY240830C00460000,SPY,2024-08-30,460.00,call,64.13,65.56,65.27,153,65.86,153,1,307,2024-05-06,0.15748,0.93842,0.00265,-0.08525,0.35404,1.33224
SPY240830C00461000,SPY,2024-08-30,461.00,call,56.32,64.64,64.34,153,64.93,153,0,15,2024-05-06,0.15718,0.93574,0.00275,-0.08594,0.36599,1.33077
SPY240830C00462000,SPY,2024-08-30,462.00,call,51.85,63.72,63.42,153,64.01,153,0,15,2024-05-06,0.15687,0.93296,0.00284,-0.08664,0.37818,1.32913
SPY240830C00463000,SPY,2024-08-30,463.00,call,50.96,62.80,62.50,153,63.09,153,0,12,2024-05-06,0.15641,0.93027,0.00294,-0.08729,0.38984,1.32764
SPY240830C00464000,SPY,2024-08-30,464.00,call,52.91,61.88,61.58,153,62.17,153,0,17,2024-05-06,0.15596,0.92749,0.00304,-0.08793,0.40172,1.32600
SPY240830C00465000,SPY,2024-08-30,465.00,call,52.32,60.96,60.67,153,61.25,153,0,40,2024-05-06,0.15535,0.92480,0.00314,-0.08852,0.41305,1.32452
SPY240830C00466000,SPY,2024-08-30,466.00,call,51.37,60.04,59.75,153,60.33,153,0,3,2024-05-06,0.15474,0.92203,0.00324,-0.08910,0.42460,1.32289
SPY240830C00467000,SPY,2024-08-30,467.00,call,54.63,59.13,58.84,153,59.42,153,0,2,2024-05-06,0.15428,0.91897,0.00334,-0.08976,0.43716,1.32075
SPY240830C00468000,SPY,2024-08-30,468.00,call,53.92,58.22,57.93,153,58.50,153,0,1029,2024-05-06,0.15382,0.91580,0.00345,-0.09041,0.44994,1.31845
SPY240830C00469000,SPY,2024-08-30,469.00,call,47.40,57.31,57.02,153,57.59,153,0,1,2024-05-06,0.15321,0.91274,0.00356,-0.09100,0.46215,1.31632
SPY240830C00470000,SPY,2024-08-30,470.00,call,49.41,56.41,56.12,153,56.69,153,0,57,2024-05-06,0.15291,0.90916,0.00367,-0.09173,0.47616,1.31330
SPY240830C00471000,SPY,2024-08-30,471.00,call,49.04,55.50,55.21,153,55.78,153,0,3,2024-05-06,0.15215,0.90610,0.00378,-0.09225,0.48800,1.31117
SPY240830C00472000,SPY,2024-08-30,472.00,call,51.08,54.59,54.31,153,54.88,153,0,2,2024-05-06,0.15154,0.90273,0.00390,-0.09284,0.50084,1.30851
SPY240830C00473000,SPY,2024-08-30,473.00,call,41.92,53.69,53.41,153,53.98,153,0,4,2024-05-06,0.15093,0.89924,0.00401,-0.09342,0.51389,1.30566
SPY240830C00474000,SPY,2024-08-30,474.00,call,45.75,52.80,52.52,153,53.08,153,0,8,2024-05-06,0.15047,0.89544,0.00414,-0.09408,0.52793,1.30224
SPY240830C00475000,SPY,2024-08-30,475.00,call,43.04,51.91,51.63,153,52.18,153,0,4,2024-05-06,0.15001,0.89152,0.00426,-0.09472,0.54215,1.29862
SPY240830C00476000,SPY,2024-08-30,476.00,call,47.43,51.02,50.74,153,51.29,153,0,3,2024-05-06,0.14940,0.88769,0.00439,-0.09530,0.55578,1.29518
SPY240830C00477000,SPY,2024-08-30,477.00,call,0.00,50.12,49.85,153,50.40,153,0,0,2024-05-06,0.14849,0.88420,0.00451,-0.09574,0.56804,1.29232
SPY240830C00478000,SPY,2024-08-30,478.00,call,37.61,49.25,48.97,153,49.52,153,0,2,2024-05-06,0.14818,0.87970,0.00464,-0.09644,0.58358,1.28768
SPY240830C00479000,SPY,2024-08-30,479.00,call,36.83,48.36,48.09,153,48.63,153,0,1,2024-05-06,0.14742,0.87574,0.00478,-0.09693,0.59698,1.28402
SPY240830C00480000,SPY,2024-08-30,480.00,call,42.44,47.48,47.21,153,47.75,153,0,46,2024-05-06,0.14681,0.87144,0.00491,-0.09749,0.61132,1.27974
SPY240830C00481000,SPY,2024-08-30,481.00,call,35.26,46.61,46.34,153,46.88,153,0,47,2024-05-06,0.14620,0.86700,0.00505,-0.09803,0.62581,1.27524
SPY240830C00482000,SPY,2024-08-30,482.00,call,42.00,45.74,45.47,153,46.01,153,0,36,2024-05-06,0.14559,0.86244,0.00519,-0.09857,0.64046,1.27052
SPY240830C00483000,SPY,2024-08-30,483.00,call,41.66,44.87,44.60,153,45.14,153,0,1,2024-05-06,0.14498,0.85774,0.00533,-0.09910,0.65524,1.26556
SPY240830C00484000,SPY,2024-08-30,484.00,call,40.14,44.01,43.74,153,44.27,153,0,179,2024-05-06,0.14437,0.85291,0.00547,-0.09961,0.67015,1.26037
SPY240830C00485000,SPY,2024-08-30,485.00,call,39.62,43.14,42.88,153,43.41,153,0,178,2024-05-06,0.14361,0.84818,0.00562,-0.10005,0.68447,1.25536
SPY240830C00486000,SPY,2024-08-30,486.00,call,33.78,42.29,42.03,153,42.55,153,0,126,2024-05-06,0.14315,0.84283,0.00577,-0.10061,0.70032,1.24926
SPY240830C00487000,SPY,2024-08-30,487.00,call,40.20,41.44,41.18,153,41.70,153,3,157,2024-05-06,0.14239,0.83781,0.00592,-0.10102,0.71487,1.24375
SPY240830C00488000,SPY,2024-08-30,488.00,call,32.80,40.59,40.34,153,40.85,153,0,5,2024-05-06,0.14178,0.83241,0.00607,-0.10149,0.73020,1.23757
SPY240830C00489000,SPY,2024-08-30,489.00,call,33.45,39.75,39.50,153,40.01,153,0,1,2024-05-06,0.14117,0.82686,0.00623,-0.10194,0.74560,1.23113
SPY240830C00490000,SPY,2024-08-30,490.00,call,35.59,38.91,38.66,153,39.17,153,0,36,2024-05-06,0.14056,0.82116,0.00638,-0.10237,0.76105,1.22442
SPY240830C00491000,SPY,2024-08-30,491.00,call,34.04,38.09,37.83,153,38.34,153,0,22,2024-05-06,0.13995,0.81530,0.00654,-0.10278,0.77655,1.21745
SPY240830C00492000,SPY,2024-08-30,492.00,call,27.27,37.26,37.01,153,37.51,153,0,4,2024-05-06,0.13934,0.80929,0.00670,-0.10318,0.79206,1.21020
SPY240830C00493000,SPY,2024-08-30,493.00,call,29.34,36.44,36.19,153,36.68,153,0,25,2024-05-06,0.13873,0.80312,0.00686,-0.10355,0.80758,1.20268
SPY240830C00494000,SPY,2024-08-30,494.00,call,27.08,35.62,35.37,153,35.87,153,0,7,2024-05-06,0.13812,0.79679,0.00703,-0.10391,0.82309,1.19488
SPY240830C00495000,SPY,2024-08-30,495.00,call,31.03,34.80,34.56,153,35.05,153,0,406,2024-05-06,0.13736,0.79054,0.00719,-0.10417,0.83802,1.18721
SPY240830C00496000,SPY,2024-08-30,496.00,call,30.82,34.00,33.76,153,34.25,153,0,113,2024-05-06,0.13675,0.78388,0.00736,-0.10447,0.85346,1.17884
SPY240830C00497000,SPY,2024-08-30,497.00,call,28.68,33.20,32.96,153,33.45,153,0,396,2024-05-06,0.13614,0.77706,0.00753,-0.10475,0.86884,1.17017
SPY240830C00498000,SPY,2024-08-30,498.00,call,28.75,32.41,32.17,153,32.65,153,0,323,2024-05-06,0.13553,0.77007,0.00769,-0.10500,0.88412,1.16121
SPY240830C00499000,SPY,2024-08-30,499.00,call,27.23,31.63,31.39,153,31.87,153,0,460,2024-05-06,0.13492,0.76291,0.00786,-0.10523,0.89928,1.15195
SPY240830C00500000,SPY,2024-08-30,500.00,call,30.05,30.85,30.61,153,31.09,153,15,203,2024-05-06,0.13431,0.75558,0.00803,-0.10542,0.91430,1.14239
SPY240830C00501000,SPY,2024-08-30,501.00,call,21.80,30.07,29.84,153,30.31,153,0,445,2024-05-06,0.13355,0.74830,0.00820,-0.10552,0.92874,1.13293
SPY240830C00502000,SPY,2024-08-30,502.00,call,25.92,29.31,29.08,153,29.54,153,0,405,2024-05-06,0.13309,0.74041,0.00836,-0.10572,0.94383,1.12236
SPY240830C00503000,SPY,2024-08-30,503.00,call,25.22,28.56,28.50,16,28.63,7,0,205,2024-05-06,0.13248,0.73256,0.00853,-0.10581,0.95828,1.11189
SPY240830C00504000,SPY,2024-08-30,504.00,call,26.55,27.81,27.75,16,27.88,16,16,348,2024-05-06,0.13187,0.72454,0.00870,-0.10587,0.97249,1.10111
SPY240830C00505000,SPY,2024-08-30,505.00,call,23.14,27.08,27.01,16,27.14,16,0,733,2024-05-06,0.13141,0.71615,0.00885,-0.10596,0.98676,1.08965
SPY240830C00506000,SPY,2024-08-30,506.00,call,26.00,26.34,26.28,16,26.40,7,1,445,2024-05-06,0.13080,0.70779,0.00902,-0.10595,1.00037,1.07826
SPY240830C00507000,SPY,2024-08-30,507.00,call,17.55,25.62,25.55,32,25.68,22,0,386,2024-05-06,0.13020,0.69926,0.00918,-0.10589,1.01366,1.06656
SPY240830C00508000,SPY,2024-08-30,508.00,call,21.12,24.90,24.84,32,24.96,32,0,372,2024-05-06,0.12959,0.69055,0.00934,-0.10580,1.02659,1.05455
SPY240830C00509000,SPY,2024-08-30,509.00,call,22.95,24.19,24.13,51,24.25,51,1,218,2024-05-06,0.12898,0.68167,0.00950,-0.10566,1.03913,1.04223
SPY240830C00510000,SPY,2024-08-30,510.00,call,23.44,23.49,23.43,51,23.55,51,26,1191,2024-05-06,0.12837,0.67261,0.00966,-0.10547,1.05125,1.02960
SPY240830C00511000,SPY,2024-08-30,511.00,call,22.15,22.80,22.75,103,22.86,102,4,382,2024-05-06,0.12791,0.66324,0.00980,-0.10531,1.06311,1.01637
SPY240830C00512000,SPY,2024-08-30,512.00,call,20.80,22.12,22.07,82,22.17,10,1,541,2024-05-06,0.12730,0.65385,0.00995,-0.10504,1.07427,1.00314
SPY240830C00513000,SPY,2024-08-30,513.00,call,17.91,21.45,21.40,85,21.50,116,0,264,2024-05-06,0.12684,0.64417,0.01009,-0.10478,1.08506,0.98935
SPY240830C00514000,SPY,2024-08-30,514.00,call,19.50,20.78,20.74,167,20.83,5,4,437,2024-05-06,0.12623,0.63447,0.01023,-0.10441,1.09514,0.97554
SPY240830C00515000,SPY,2024-08-30,515.00,call,20.18,20.13,20.09,114,20.18,9,28,489,2024-05-06,0.12562,0.62460,0.01037,-0.10399,1.10464,0.96144
SPY240830C00516000,SPY,2024-08-30,516.00,call,19.05,19.49,19.45,96,19.54,102,14,512,2024-05-06,0.12516,0.61447,0.01049,-0.10358,1.11361,0.94682
SPY240830C00517000,SPY,2024-08-30,517.00,call,16.18,18.86,18.82,96,18.90,5,0,516,2024-05-06,0.12456,0.60430,0.01062,-0.10306,1.12184,0.93216
SPY240830C00518000,SPY,2024-08-30,518.00,call,17.12,18.24,18.20,50,18.28,80,1,256,2024-05-06,0.12410,0.59390,0.01073,-0.10255,1.12944,0.91704
SPY240830C00519000,SPY,2024-08-30,519.00,call,16.50,17.63,17.59,50,17.67,128,8,1164,2024-05-06,0.12364,0.58338,0.01084,-0.10199,1.13631,0.90168
SPY240830C00520000,SPY,2024-08-30,520.00,call,16.28,17.03,16.99,84,17.07,244,10,733,2024-05-06,0.12303,0.57279,0.01095,-0.10130,1.14238,0.88624
SPY240830C00521000,SPY,2024-08-30,521.00,call,15.36,16.44,16.40,95,16.48,109,38,275,2024-05-06,0.12257,0.56203,0.01104,-0.10063,1.14770,0.87042
SPY240830C00522000,SPY,2024-08-30,522.00,call,14.37,15.86,15.82,120,15.90,139,1,189,2024-05-06,0.12196,0.55119,0.01114,-0.09983,1.15220,0.85450
SPY240830C00523000,SPY,2024-08-30,523.00,call,12.80,15.30,15.26,69,15.34,31,0,2564,2024-05-06,0.12166,0.54019,0.01120,-0.09913,1.15588,0.83818
SPY240830C00524000,SPY,2024-08-30,524.00,call,11.99,14.74,14.70,70,14.78,31,0,2371,2024-05-06,0.12105,0.52913,0.01129,-0.09822,1.15868,0.82183
SPY240830C00525000,SPY,2024-08-30,525.00,call,14.28,14.20,14.16,89,14.24,101,15,175,2024-05-06,0.12059,0.51797,0.01135,-0.09733,1.16060,0.80523
SPY240830C00526000,SPY,2024-08-30,526.00,call,8.06,13.68,13.63,59,13.72,277,0,177,2024-05-06,0.12029,0.50675,0.01139,-0.09645,1.16161,0.78845
SPY240830C00527000,SPY,2024-08-30,527.00,call,12.66,13.15,13.11,71,13.19,31,12,161,2024-05-06,0.11968,0.49542,0.01145,-0.09538,1.16170,0.77155
SPY240830C00528000,SPY,2024-08-30,528.00,call,11.78,12.64,12.60,81,12.68,31,1,459,2024-05-06,0.11922,0.48405,0.01148,-0.09432,1.16085,0.75450
SPY240830C00529000,SPY,2024-08-30,529.00,call,10.24,12.14,12.10,120,12.19,217,0,79,2024-05-06,0.11876,0.47263,0.01151,-0.09321,1.15904,0.73733
SPY240830C00530000,SPY,2024-08-30,530.00,call,11.16,11.66,11.62,84,11.70,221,11,256,2024-05-06,0.11831,0.46116,0.01152,-0.09205,1.15626,0.72005
SPY240830C00531000,SPY,2024-08-30,531.00,call,6.35,11.19,11.15,59,11.23,120,0,45,2024-05-06,0.11785,0.44966,0.01153,-0.09083,1.15251,0.70268
SPY240830C00532000,SPY,2024-08-30,532.00,call,9.81,10.73,10.69,100,10.77,240,4,136,2024-05-06,0.11754,0.43825,0.01151,-0.08965,1.14783,0.68536
SPY240830C00533000,SPY,2024-08-30,533.00,call,7.86,10.28,10.24,59,10.32,285,0,112,2024-05-06,0.11709,0.42672,0.01150,-0.08833,1.14212,0.66787
SPY240830C00534000,SPY,2024-08-30,534.00,call,8.50,9.84,9.80,136,9.88,136,0,135,2024-05-06,0.11663,0.41519,0.01148,-0.08696,1.13542,0.65034
SPY240830C00535000,SPY,2024-08-30,535.00,call,7.78,9.42,9.38,136,9.46,552,0,314,2024-05-06,0.11617,0.40366,0.01145,-0.08554,1.12773,0.63277
SPY240830C00540000,SPY,2024-08-30,540.00,call,7.08,7.47,7.44,193,7.51,421,86,527,2024-05-06,0.11419,0.34688,0.01110,-0.07799,1.07512,0.54574
SPY240830C00545000,SPY,2024-08-30,545.00,call,5.64,5.82,5.79,429,5.85,41,309,6172,2024-05-06,0.11236,0.29229,0.01050,-0.06965,1.00051,0.46136
SPY240830C00550000,SPY,2024-08-30,550.00,call,4.44,4.46,4.43,667,4.49,454,460,2136,2024-05-06,0.11084,0.24157,0.00967,-0.06098,0.90853,0.38241
SPY240830C00555000,SPY,2024-08-30,555.00,call,2.81,3.35,3.33,507,3.38,405,1,1096,2024-05-06,0.10931,0.19524,0.00867,-0.05210,0.80350,0.30988
SPY240830C00560000,SPY,2024-08-30,560.00,call,2.48,2.50,2.47,286,2.52,764,117,1045,2024-05-06,0.10840,0.15546,0.00756,-0.04385,0.69530,0.24729
SPY240830C00565000,SPY,2024-08-30,565.00,call,1.70,1.82,1.80,317,1.84,41,11,844,2024-05-06,0.10748,0.12118,0.00644,-0.03605,0.58657,0.19315
SPY240830C00570000,SPY,2024-08-30,570.00,call,1.25,1.31,1.30,428,1.33,656,4,1703,2024-05-06,0.10672,0.09269,0.00534,-0.02904,0.48336,0.14801
SPY240830C00575000,SPY,2024-08-30,575.00,call,0.83,0.95,0.94,291,0.96,859,1,1222,2024-05-06,0.10657,0.07055,0.00435,-0.02325,0.39337,0.11281
SPY240830C00580000,SPY,2024-08-30,580.00,call,0.67,0.69,0.68,152,0.70,2166,8,212,2024-05-06,0.10687,0.05359,0.00350,-0.01856,0.31734,0.08578
SPY240830C00585000,SPY,2024-08-30,585.00,call,0.47,0.50,0.49,209,0.51,1930,9,59,2024-05-06,0.10733,0.04042,0.00278,-0.01469,0.25311,0.06478
SPY240830C00590000,SPY,2024-08-30,590.00,call,0.36,0.37,0.36,219,0.38,2132,55,457,2024-05-06,0.10824,0.03074,0.00220,-0.01170,0.20221,0.04930
SPY240830C00595000,SPY,2024-08-30,595.00,call,0.28,0.28,0.27,177,0.29,2389,7,273,2024-05-06,0.10977,0.02388,0.00176,-0.00951,0.16376,0.03831
SPY240830C00600000,SPY,2024-08-30,600.00,call,0.22,0.21,0.21,185,0.22,968,99,3060,2024-05-06,0.11099,0.01827,0.00139,-0.00759,0.13057,0.02933
SPY240830C00605000,SPY,2024-08-30,605.00,call,0.14,0.17,0.16,177,0.18,2811,0,199,2024-05-06,0.11343,0.01484,0.00114,-0.00644,0.10928,0.02382
SPY240830C00610000,SPY,2024-08-30,610.00,call,0.13,0.14,0.13,177,0.14,1266,12,238,2024-05-06,0.11602,0.01222,0.00094,-0.00552,0.09240,0.01962
SPY240830C00615000,SPY,2024-08-30,615.00,call,0.10,0.11,0.10,243,0.12,2034,1,7,2024-05-06,0.11785,0.00972,0.00076,-0.00456,0.07570,0.01560
SPY240830C00620000,SPY,2024-08-30,620.00,call,0.10,0.09,0.08,1129,0.10,2055,10,22,2024-05-06,0.12013,0.00796,0.00062,-0.00388,0.06353,0.01278
SPY240830C00625000,SPY,2024-08-30,625.00,call,0.06,0.08,0.07,177,0.08,1386,0,926,2024-05-06,0.12349,0.00697,0.00054,-0.00352,0.05652,0.01118
SPY240830C00630000,SPY,2024-08-30,630.00,call,0.04,0.07,0.06,177,0.07,1589,0,71,2024-05-06,0.12654,0.00604,0.00046,-0.00316,0.04982,0.00970
SPY240830C00635000,SPY,2024-08-30,635.00,call,0.05,0.06,0.05,177,0.06,1441,0,39,2024-05-06,0.12913,0.00514,0.00039,-0.00278,0.04314,0.00824
SPY240830C00640000,SPY,2024-08-30,640.00,call,0.05,0.04,0.04,1119,0.05,1007,31,855,2024-05-06,0.12837,0.00357,0.00029,-0.00199,0.03113,0.00573
SPY240920C00150000,SPY,2024-09-20,150.00,call,358.99,367.92,367.41,75,368.42,100,0,40,2024-05-06,0.08253,1.00000,0.00000,-0.02147,0.00000,0.55186
SPY240920C00155000,SPY,2024-09-20,155.00,call,320.00,363.01,362.51,75,363.52,100,0,1,2024-05-06,0.08141,1.00000,0.00000,-0.02219,0.00000,0.57026
SPY240920C00160000,SPY,2024-09-20,160.00,call,300.85,358.12,357.63,75,358.62,100,0,2,2024-05-06,0.08028,1.00000,0.00000,-0.02290,0.00000,0.58865
SPY240920C00165000,SPY,2024-09-20,165.00,call,297.90,353.23,352.74,75,353.72,100,0,9,2024-05-06,0.07916,1.00000,0.00000,-0.02362,0.00000,0.60705
SPY240920C00170000,SPY,2024-09-20,170.00,call,344.03,348.34,347.85,100,348.83,10,0,20,2024-05-06,0.07803,1.00000,0.00000,-0.02433,0.00000,0.62544
SPY240920C00175000,SPY,2024-09-20,175.00,call,287.18,343.44,342.96,100,343.93,15,0,13,2024-05-06,0.07690,1.00000,0.00000,-0.02505,0.00000,0.64384
SPY240920C00180000,SPY,2024-09-20,180.00,call,299.68,338.55,338.07,100,339.03,15,0,6,2024-05-06,0.07578,1.00000,0.00000,-0.02576,0.00000,0.66223
SPY240920C00185000,SPY,2024-09-20,185.00,call,328.56,333.66,333.18,100,334.14,10,0,12,2024-05-06,0.07465,1.00000,0.00000,-0.02648,0.00000,0.68063
SPY240920C00190000,SPY,2024-09-20,190.00,call,315.04,328.77,328.30,100,329.24,10,0,28,2024-05-06,0.07353,1.00000,0.00000,-0.02720,0.00000,0.69903
SPY240920C00195000,SPY,2024-09-20,195.00,call,316.59,323.88,323.41,100,324.34,15,0,27,2024-05-06,0.07240,1.00000,0.00000,-0.02791,0.00000,0.71742
SPY240920C00200000,SPY,2024-09-20,200.00,call,307.60,318.99,318.52,100,319.45,10,0,43,2024-05-06,0.07127,1.00000,0.00000,-0.02863,0.00000,0.73582
SPY240920C00205000,SPY,2024-09-20,205.00,call,308.87,314.09,313.63,100,314.55,10,0,131,2024-05-06,0.07015,1.00000,0.00000,-0.02934,0.00000,0.75421
SPY240920C00210000,SPY,2024-09-20,210.00,call,307.33,309.19,308.74,100,309.65,15,84,131,2024-05-06,0.06902,1.00000,0.00000,-0.03006,0.00000,0.77261
SPY240920C00215000,SPY,2024-09-20,215.00,call,302.10,304.31,303.86,100,304.76,10,2,493,2024-05-06,0.06790,1.00000,0.00000,-0.03077,0.00000,0.79100
SPY240920C00220000,SPY,2024-09-20,220.00,call,297.24,299.42,298.97,100,299.86,15,2,494,2024-05-06,0.06677,1.00000,0.00000,-0.03149,0.00000,0.80940
SPY240920C00225000,SPY,2024-09-20,225.00,call,292.31,294.53,294.09,100,294.97,10,2,558,2024-05-06,0.06565,1.00000,0.00000,-0.03221,0.00000,0.82779
SPY240920C00230000,SPY,2024-09-20,230.00,call,287.44,289.64,289.20,100,290.08,10,2,275,2024-05-06,0.06452,1.00000,0.00000,-0.03292,0.00000,0.84619
SPY240920C00235000,SPY,2024-09-20,235.00,call,282.55,284.75,284.32,100,285.18,10,2,587,2024-05-06,0.06339,1.00000,0.00000,-0.03364,0.00000,0.86458
SPY240920C00240000,SPY,2024-09-20,240.00,call,277.63,279.86,279.43,100,280.29,15,4,687,2024-05-06,0.06227,1.00000,0.00000,-0.03435,0.00000,0.88298
SPY240920C00245000,SPY,2024-09-20,245.00,call,272.76,274.98,274.55,100,275.40,10,2,470,2024-05-06,0.06114,1.00000,0.00000,-0.03507,0.00000,0.90137
SPY240920C00250000,SPY,2024-09-20,250.00,call,267.73,270.09,269.66,100,270.51,10,4,620,2024-05-06,0.06002,1.00000,0.00000,-0.03578,0.00000,0.91977
SPY240920C00255000,SPY,2024-09-20,255.00,call,264.86,265.20,264.78,100,265.62,10,104,479,2024-05-06,0.05889,1.00000,0.00000,-0.03650,0.00000,0.93817
SPY240920C00260000,SPY,2024-09-20,260.00,call,259.30,260.31,259.90,100,260.73,10,4,724,2024-05-06,0.05777,1.00000,0.00000,-0.03722,0.00000,0.95656
SPY240920C00265000,SPY,2024-09-20,265.00,call,253.29,255.43,255.01,75,255.84,10,2,399,2024-05-06,0.05664,1.00000,0.00000,-0.03793,0.00000,0.97496
SPY240920C00270000,SPY,2024-09-20,270.00,call,248.25,250.54,250.13,75,250.95,10,2,284,2024-05-06,0.05551,1.00000,0.00000,-0.03865,0.00000,0.99335
SPY240920C00275000,SPY,2024-09-20,275.00,call,244.72,245.66,245.25,75,246.06,10,6,436,2024-05-06,0.05439,1.00000,0.00000,-0.03936,0.00000,1.01175
SPY240920C00280000,SPY,2024-09-20,280.00,call,238.53,240.77,240.38,75,241.17,10,108,674,2024-05-06,0.05326,1.00000,0.00000,-0.04008,0.00000,1.03014
SPY240920C00285000,SPY,2024-09-20,285.00,call,233.68,235.89,235.50,75,236.29,10,4,332,2024-05-06,0.05214,1.00000,0.00000,-0.04079,0.00000,1.04854
SPY240920C00290000,SPY,2024-09-20,290.00,call,230.02,231.01,230.62,75,231.40,10,28,225,2024-05-06,0.05101,1.00000,0.00000,-0.04151,0.00000,1.06693
SPY240920C00295000,SPY,2024-09-20,295.00,call,224.37,226.13,225.75,75,226.52,10,104,393,2024-05-06,0.04989,1.00000,0.00000,-0.04222,0.00000,1.08533
SPY240920C00300000,SPY,2024-09-20,300.00,call,219.23,221.25,220.87,75,221.64,10,104,305,2024-05-06,0.04876,1.00000,0.00000,-0.04294,0.00000,1.10372
SPY240920C00305000,SPY,2024-09-20,305.00,call,214.25,216.38,216.00,75,216.75,10,302,459,2024-05-06,0.04763,1.00000,0.00000,-0.04366,0.00000,1.12212
SPY240920C00310000,SPY,2024-09-20,310.00,call,210.64,211.50,211.12,75,211.87,10,4,388,2024-05-06,0.04651,1.00000,0.00000,-0.04437,0.00000,1.14052
SPY240920C00315000,SPY,2024-09-20,315.00,call,205.70,206.62,206.25,75,206.99,10,4,725,2024-05-06,0.04538,1.00000,0.00000,-0.04509,0.00000,1.15891
SPY240920C00320000,SPY,2024-09-20,320.00,call,201.05,201.75,201.38,75,202.12,10,4,478,2024-05-06,0.04426,1.00000,0.00000,-0.04580,0.00000,1.17731
SPY240920C00325000,SPY,2024-09-20,325.00,call,195.94,196.88,196.51,75,197.24,10,4,778,2024-05-06,0.04313,1.00000,0.00000,-0.04652,0.00000,1.19570
SPY240920C00330000,SPY,2024-09-20,330.00,call,189.76,192.00,191.64,75,192.36,10,8,416,2024-05-06,0.04201,1.00000,0.00000,-0.04723,0.00000,1.21410
SPY240920C00335000,SPY,2024-09-20,335.00,call,184.98,187.13,186.78,75,187.49,10,102,1349,2024-05-06,0.04088,1.00000,0.00000,-0.04795,0.00000,1.23249
SPY240920C00340000,SPY,2024-09-20,340.00,call,180.12,182.26,181.91,75,182.62,10,102,3309,2024-05-06,0.03975,1.00000,0.00000,-0.04867,0.00000,1.25089
SPY240920C00345000,SPY,2024-09-20,345.00,call,176.28,177.40,177.05,75,177.75,10,104,1351,2024-05-06,0.03863,1.00000,0.00000,-0.04938,0.00000,1.26928
SPY240920C00350000,SPY,2024-09-20,350.00,call,170.85,172.53,172.19,75,172.88,10,29,528,2024-05-06,0.03750,1.00000,0.00000,-0.05010,0.00000,1.28768
SPY240920C00355000,SPY,2024-09-20,355.00,call,165.50,167.68,167.33,75,168.02,10,100,490,2024-05-06,0.03638,1.00000,0.00000,-0.05081,0.00000,1.30607
SPY240920C00360000,SPY,2024-09-20,360.00,call,163.03,162.81,162.48,75,163.15,10,10,1220,2024-05-06,0.03525,1.00000,0.00000,-0.05153,0.00000,1.32447
SPY240920C00365000,SPY,2024-09-20,365.00,call,156.21,157.95,157.62,75,158.29,10,2,1119,2024-05-06,0.03413,1.00000,0.00000,-0.05224,0.00000,1.34286
SPY240920C00370000,SPY,2024-09-20,370.00,call,146.59,153.11,152.77,75,153.44,10,0,872,2024-05-06,0.03300,1.00000,0.00000,-0.05296,0.00000,1.36126
SPY240920C00375000,SPY,2024-09-20,375.00,call,143.17,148.25,147.93,75,148.58,10,0,2215,2024-05-06,0.03187,1.00000,0.00000,-0.05368,0.00000,1.37966
SPY240920C00380000,SPY,2024-09-20,380.00,call,129.56,143.41,143.08,75,143.73,10,0,1545,2024-05-06,0.03075,1.00000,0.00000,-0.05439,0.00000,1.39805
SPY240920C00385000,SPY,2024-09-20,385.00,call,133.32,138.56,138.24,75,138.89,10,0,677,2024-05-06,0.02962,1.00000,0.00000,-0.05511,0.00000,1.41645
SPY240920C00390000,SPY,2024-09-20,390.00,call,125.22,133.73,133.41,75,134.05,10,0,733,2024-05-06,0.02850,1.00000,0.00000,-0.05582,0.00000,1.43484
SPY240920C00395000,SPY,2024-09-20,395.00,call,113.21,128.90,128.58,75,129.21,10,0,91,2024-05-06,0.02737,1.00000,0.00000,-0.05654,0.00000,1.45324
SPY240920C00400000,SPY,2024-09-20,400.00,call,110.32,124.07,123.76,153,124.38,10,0,929,2024-05-06,0.02625,1.00000,0.00000,-0.05725,0.00000,1.47163
SPY240920C00405000,SPY,2024-09-20,405.00,call,103.15,119.25,118.95,153,119.56,10,0,926,2024-05-06,0.02512,1.00000,0.00000,-0.05797,0.00000,1.49003
SPY240920C00410000,SPY,2024-09-20,410.00,call,105.07,114.44,114.14,153,114.75,10,0,2172,2024-05-06,0.02399,1.00000,0.00000,-0.05869,0.00000,1.50842
SPY240920C00415000,SPY,2024-09-20,415.00,call,104.05,109.65,109.35,153,109.95,10,0,1073,2024-05-06,0.02287,1.00000,0.00000,-0.05940,0.00000,1.52682
SPY240920C00420000,SPY,2024-09-20,420.00,call,90.26,104.86,104.56,153,105.16,10,0,988,2024-05-06,0.02174,1.00000,0.00000,-0.06012,0.00000,1.54521
SPY240920C00425000,SPY,2024-09-20,425.00,call,85.65,100.11,99.79,153,100.42,153,0,1006,2024-05-06,0.14773,0.99229,0.00045,-0.06385,0.06717,1.54820
SPY240920C00430000,SPY,2024-09-20,430.00,call,84.40,95.34,95.04,153,95.65,153,0,1493,2024-05-06,0.15489,0.98578,0.00074,-0.06691,0.11445,1.55349
SPY240920C00435000,SPY,2024-09-20,435.00,call,86.30,90.60,90.30,153,90.91,153,0,926,2024-05-06,0.15855,0.97851,0.00103,-0.07001,0.16286,1.55718
SPY240920C00440000,SPY,2024-09-20,440.00,call,83.91,85.88,85.58,153,86.18,153,2,1745,2024-05-06,0.15992,0.97067,0.00132,-0.07302,0.21135,1.55969
SPY240920C00445000,SPY,2024-09-20,445.00,call,79.09,81.19,80.89,153,81.48,153,6,2837,2024-05-06,0.16022,0.96182,0.00164,-0.07605,0.26259,1.56014
SPY240920C00450000,SPY,2024-09-20,450.00,call,65.53,76.51,76.22,153,76.80,153,0,2557,2024-05-06,0.15901,0.95257,0.00196,-0.07884,0.31291,1.55978
SPY240920C00455000,SPY,2024-09-20,455.00,call,65.79,71.87,71.58,153,72.16,153,0,5432,2024-05-06,0.15748,0.94191,0.00233,-0.08168,0.36755,1.55652
SPY240920C00460000,SPY,2024-09-20,460.00,call,66.45,67.27,66.99,153,67.55,153,23,11797,2024-05-06,0.15565,0.92972,0.00273,-0.08452,0.42621,1.55015
SPY240920C00465000,SPY,2024-09-20,465.00,call,60.80,62.72,62.44,153,62.99,153,9,4550,2024-05-06,0.15352,0.91589,0.00318,-0.08730,0.48858,1.54040
SPY240920C00470000,SPY,2024-09-20,470.00,call,56.60,58.21,57.94,153,58.48,153,17,13945,2024-05-06,0.15077,0.90070,0.00366,-0.08985,0.55256,1.52790
SPY240920C00475000,SPY,2024-09-20,475.00,call,52.02,53.77,53.51,153,54.04,153,1,6382,2024-05-06,0.14818,0.88295,0.00419,-0.09239,0.62203,1.51013
SPY240920C00480000,SPY,2024-09-20,480.00,call,48.50,49.41,49.15,153,49.66,153,4,6847,2024-05-06,0.14544,0.86283,0.00477,-0.09474,0.69468,1.48749
SPY240920C00485000,SPY,2024-09-20,485.00,call,44.17,45.13,44.88,153,45.38,153,22,7000,2024-05-06,0.14254,0.84010,0.00539,-0.09682,0.76971,1.45949
SPY240920C00490000,SPY,2024-09-20,490.00,call,38.75,40.95,40.71,153,41.19,153,2,6188,2024-05-06,0.13965,0.81429,0.00605,-0.09860,0.84678,1.42513
SPY240920C00495000,SPY,2024-09-20,495.00,call,36.29,36.90,36.67,153,37.13,153,12,9219,2024-05-06,0.13675,0.78517,0.00675,-0.09997,0.92428,1.38390
SPY240920C00500000,SPY,2024-09-20,500.00,call,33.20,32.98,32.76,159,33.21,100,84,8287,2024-05-06,0.13401,0.75233,0.00746,-0.10087,1.00069,1.33488
SPY240920C00505000,SPY,2024-09-20,505.00,call,29.26,29.23,29.02,159,29.45,100,86,6645,2024-05-06,0.13126,0.71589,0.00816,-0.10113,1.07285,1.27830
SPY240920C00510000,SPY,2024-09-20,510.00,call,24.90,25.66,25.46,153,25.87,153,117,18575,2024-05-06,0.12852,0.67581,0.00884,-0.10060,1.13788,1.21402
SPY240920C00515000,SPY,2024-09-20,515.00,call,22.48,22.28,22.11,101,22.45,255,325,14972,2024-05-06,0.12577,0.63219,0.00947,-0.09918,1.19260,1.14214
SPY240920C00520000,SPY,2024-09-20,520.00,call,19.00,19.20,19.10,112,19.29,438,63,10806,2024-05-06,0.12379,0.58490,0.00995,-0.09706,1.23386,1.06201
SPY240920C00525000,SPY,2024-09-20,525.00,call,16.37,16.28,16.25,120,16.31,69,356,11316,2024-05-06,0.12120,0.53528,0.01036,-0.09363,1.25762,0.97677
SPY240920C00530000,SPY,2024-09-20,530.00,call,13.65,13.65,13.62,190,13.68,99,246,12007,2024-05-06,0.11907,0.48360,0.01058,-0.08930,1.26150,0.88641
SPY240920C00535000,SPY,2024-09-20,535.00,call,11.38,11.29,11.26,147,11.32,69,256,5530,2024-05-06,0.11693,0.43083,0.01062,-0.08392,1.24354,0.79299
SPY240920C00540000,SPY,2024-09-20,540.00,call,9.19,9.21,9.19,237,9.24,77,220,11436,2024-05-06,0.11510,0.37825,0.01044,-0.07774,1.20330,0.69883
SPY240920C00545000,SPY,2024-09-20,545.00,call,7.24,7.40,7.38,350,7.43,67,177,6131,2024-05-06,0.11327,0.32671,0.01006,-0.07076,1.14149,0.60571
SPY240920C00550000,SPY,2024-09-20,550.00,call,5.90,5.87,5.85,155,5.89,102,169,12926,2024-05-06,0.11190,0.27807,0.00947,-0.06348,1.06176,0.51710
SPY240920C00555000,SPY,2024-09-20,555.00,call,4.34,4.58,4.56,289,4.60,149,114,11287,2024-05-06,0.11038,0.23224,0.00874,-0.05577,0.96620,0.43312
SPY240920C00560000,SPY,2024-09-20,560.00,call,3.37,3.53,3.51,392,3.55,462,144,4993,2024-05-06,0.10916,0.19092,0.00788,-0.04820,0.86137,0.35695
SPY240920C00565000,SPY,2024-09-20,565.00,call,2.66,2.69,2.67,109,2.70,325,111,4670,2024-05-06,0.10824,0.15470,0.00695,-0.04103,0.75315,0.28986
SPY240920C00570000,SPY,2024-09-20,570.00,call,2.00,2.02,2.01,126,2.04,1418,192,9753,2024-05-06,0.10748,0.12344,0.00600,-0.03435,0.64577,0.23175
SPY240920C00575000,SPY,2024-09-20,575.00,call,1.40,1.51,1.50,126,1.52,100,88,3002,2024-05-06,0.10703,0.09742,0.00508,-0.02841,0.54488,0.18321
SPY240920C00580000,SPY,2024-09-20,580.00,call,1.11,1.13,1.12,143,1.14,1874,58,4415,2024-05-06,0.10687,0.07628,0.00424,-0.02329,0.45379,0.14365
SPY240920C00585000,SPY,2024-09-20,585.00,call,0.78,0.84,0.83,210,0.85,1808,10,2933,2024-05-06,0.10687,0.05918,0.00348,-0.01889,0.37297,0.11160
SPY240920C00590000,SPY,2024-09-20,590.00,call,0.58,0.64,0.63,160,0.64,709,6,4872,2024-05-06,0.10763,0.04656,0.00286,-0.01553,0.30828,0.08787
SPY240920C00595000,SPY,2024-09-20,595.00,call,0.47,0.48,0.47,713,0.49,2386,17,1415,2024-05-06,0.10824,0.03620,0.00232,-0.01259,0.25138,0.06837
SPY240920C00600000,SPY,2024-09-20,600.00,call,0.38,0.37,0.36,806,0.38,2069,221,60899,2024-05-06,0.10931,0.02849,0.00188,-0.01033,0.20632,0.05386
SPY240920C00605000,SPY,2024-09-20,605.00,call,0.27,0.29,0.28,903,0.30,2129,9,1090,2024-05-06,0.11068,0.02268,0.00154,-0.00855,0.17041,0.04288
SPY240920C00610000,SPY,2024-09-20,610.00,call,0.21,0.23,0.22,903,0.24,2098,10,1374,2024-05-06,0.11221,0.01818,0.00126,-0.00712,0.14127,0.03438
SPY240920C00615000,SPY,2024-09-20,615.00,call,0.17,0.18,0.18,177,0.19,1509,10,815,2024-05-06,0.11358,0.01448,0.00102,-0.00588,0.11624,0.02739
SPY240920C00620000,SPY,2024-09-20,620.00,call,0.14,0.15,0.14,989,0.16,2056,17,1627,2024-05-06,0.11587,0.01211,0.00086,-0.00510,0.09961,0.02291
SPY240920C00625000,SPY,2024-09-20,625.00,call,0.12,0.12,0.12,177,0.13,1661,11,4095,2024-05-06,0.11739,0.00977,0.00070,-0.00426,0.08262,0.01848
SPY240920C00630000,SPY,2024-09-20,630.00,call,0.09,0.11,0.10,177,0.11,1736,4,3426,2024-05-06,0.12090,0.00882,0.00062,-0.00398,0.07560,0.01669
SPY240920C00635000,SPY,2024-09-20,635.00,call,0.09,0.08,0.08,212,0.09,1121,205,10009,2024-05-06,0.12090,0.00657,0.00048,-0.00306,0.05835,0.01245
SPY240920C00640000,SPY,2024-09-20,640.00,call,0.06,0.08,0.07,177,0.08,1652,0,2610,2024-05-06,0.12532,0.00636,0.00045,-0.00306,0.05663,0.01202
SPY240920C00645000,SPY,2024-09-20,645.00,call,0.07,0.07,0.06,177,0.07,1581,1,826,2024-05-06,0.12791,0.00556,0.00039,-0.00276,0.05028,0.01051
SPY240920C00650000,SPY,2024-09-20,650.00,call,0.06,0.06,0.05,177,0.06,1172,387,5106,2024-05-06,0.13004,0.00476,0.00034,-0.00243,0.04378,0.00900
SPY240920C00655000,SPY,2024-09-20,655.00,call,0.05,0.06,0.05,185,0.06,2041,134,3114,2024-05-06,0.13416,0.00461,0.00032,-0.00242,0.04253,0.00870
SPY240920C00660000,SPY,2024-09-20,660.00,call,0.05,0.04,0.04,177,0.05,1331,1,1133,2024-05-06,0.13279,0.00321,0.00023,-0.00173,0.03079,0.00608
SPY240920C00665000,SPY,2024-09-20,665.00,call,0.04,0.04,0.03,982,0.04,867,3,987,2024-05-06,0.13675,0.00313,0.00022,-0.00173,0.03006,0.00591
SPY240920C00670000,SPY,2024-09-20,670.00,call,0.03,0.04,0.03,177,0.04,1091,0,1287,2024-05-06,0.14071,0.00306,0.00021,-0.00174,0.02945,0.00578
SPY240920C00675000,SPY,2024-09-20,675.00,call,0.03,0.04,0.03,177,0.04,1565,8,1705,2024-05-06,0.14452,0.00297,0.00020,-0.00173,0.02871,0.00561
SPY240920C00680000,SPY,2024-09-20,680.00,call,0.03,0.04,0.03,177,0.04,1840,50,574,2024-05-06,0.14834,0.00290,0.00019,-0.00173,0.02806,0.00547
SPY240920C00685000,SPY,2024-09-20,685.00,call,0.02,0.03,0.02,982,0.03,867,4,1077,2024-05-06,0.14818,0.00224,0.00015,-0.00136,0.02220,0.00422
SPY240920C00690000,SPY,2024-09-20,690.00,call,0.02,0.03,0.02,177,0.03,1070,0,583,2024-05-06,0.15184,0.00218,0.00014,-0.00136,0.02173,0.00412
SPY240920C00695000,SPY,2024-09-20,695.00,call,0.02,0.03,0.02,177,0.03,1251,50,612,2024-05-06,0.15550,0.00214,0.00014,-0.00137,0.02133,0.00404
SPY240920C00700000,SPY,2024-09-20,700.00,call,0.03,0.03,0.02,177,0.03,1537,65,13292,2024-05-06,0.15901,0.00208,0.00013,-0.00136,0.02082,0.00393
SPY240930C00300000,SPY,2024-09-30,300.00,call,206.71,221.27,220.81,100,221.73,10,0,26,2024-05-06,0.04547,1.00000,0.00000,-0.04288,0.00000,1.18256
SPY240930C00305000,SPY,2024-09-30,305.00,call,209.92,216.39,215.94,100,216.85,10,0,43,2024-05-06,0.04442,1.00000,0.00000,-0.04359,0.00000,1.20227
SPY240930C00310000,SPY,2024-09-30,310.00,call,196.83,211.52,211.07,100,211.97,10,0,7,2024-05-06,0.04337,1.00000,0.00000,-0.04431,0.00000,1.22198
SPY240930C00315000,SPY,2024-09-30,315.00,call,195.52,206.64,206.20,100,207.09,10,0,11,2024-05-06,0.04232,1.00000,0.00000,-0.04502,0.00000,1.24169
SPY240930C00320000,SPY,2024-09-30,320.00,call,195.36,201.77,201.33,100,202.21,15,0,5,2024-05-06,0.04127,1.00000,0.00000,-0.04574,0.00000,1.26140
SPY240930C00325000,SPY,2024-09-30,325.00,call,191.82,196.90,196.46,100,197.33,15,0,145,2024-05-06,0.04022,1.00000,0.00000,-0.04645,0.00000,1.28111
SPY240930C00330000,SPY,2024-09-30,330.00,call,185.73,192.03,191.60,100,192.46,15,0,31,2024-05-06,0.03917,1.00000,0.00000,-0.04717,0.00000,1.30082
SPY240930C00335000,SPY,2024-09-30,335.00,call,172.60,187.17,186.74,100,187.59,10,0,9,2024-05-06,0.03812,1.00000,0.00000,-0.04788,0.00000,1.32053
SPY240930C00340000,SPY,2024-09-30,340.00,call,180.24,182.30,181.88,100,182.72,10,2,63,2024-05-06,0.03707,1.00000,0.00000,-0.04859,0.00000,1.34023
SPY240930C00345000,SPY,2024-09-30,345.00,call,171.17,177.43,177.01,75,177.85,10,0,23,2024-05-06,0.03602,1.00000,0.00000,-0.04931,0.00000,1.35994
SPY240930C00350000,SPY,2024-09-30,350.00,call,165.39,172.56,172.15,100,172.98,15,0,67,2024-05-06,0.03497,1.00000,0.00000,-0.05002,0.00000,1.37965
SPY240930C00355000,SPY,2024-09-30,355.00,call,158.26,167.71,167.30,75,168.12,10,0,23,2024-05-06,0.03392,1.00000,0.00000,-0.05074,0.00000,1.39936
SPY240930C00360000,SPY,2024-09-30,360.00,call,146.18,162.85,162.45,75,163.26,10,0,20,2024-05-06,0.03287,1.00000,0.00000,-0.05145,0.00000,1.41907
SPY240930C00365000,SPY,2024-09-30,365.00,call,150.03,158.00,157.60,75,158.40,15,0,17,2024-05-06,0.03182,1.00000,0.00000,-0.05217,0.00000,1.43878
SPY240930C00370000,SPY,2024-09-30,370.00,call,151.98,153.15,152.75,75,153.55,10,4,40,2024-05-06,0.03077,1.00000,0.00000,-0.05288,0.00000,1.45849
SPY240930C00375000,SPY,2024-09-30,375.00,call,147.10,148.31,147.91,75,148.70,10,4,29,2024-05-06,0.02972,1.00000,0.00000,-0.05360,0.00000,1.47820
SPY240930C00380000,SPY,2024-09-30,380.00,call,133.15,143.47,143.08,75,143.85,10,0,49,2024-05-06,0.02867,1.00000,0.00000,-0.05431,0.00000,1.49791
SPY240930C00385000,SPY,2024-09-30,385.00,call,122.54,138.62,138.24,75,139.01,10,0,6,2024-05-06,0.02762,1.00000,0.00000,-0.05503,0.00000,1.51762
SPY240930C00387000,SPY,2024-09-30,387.00,call,125.32,136.69,136.31,75,137.07,10,0,1,2024-05-06,0.02720,1.00000,0.00000,-0.05531,0.00000,1.52550
SPY240930C00388000,SPY,2024-09-30,388.00,call,0.00,135.73,135.35,75,136.11,10,0,0,2024-05-06,0.02699,1.00000,0.00000,-0.05546,0.00000,1.52944
SPY240930C00389000,SPY,2024-09-30,389.00,call,124.90,134.76,134.38,75,135.14,10,0,2,2024-05-06,0.02678,1.00000,0.00000,-0.05560,0.00000,1.53339
SPY240930C00390000,SPY,2024-09-30,390.00,call,125.72,133.79,133.42,75,134.17,10,0,98,2024-05-06,0.02657,1.00000,0.00000,-0.05574,0.00000,1.53733
SPY240930C00391000,SPY,2024-09-30,391.00,call,122.75,132.83,132.45,75,133.21,10,0,1,2024-05-06,0.02636,1.00000,0.00000,-0.05588,0.00000,1.54127
SPY240930C00392000,SPY,2024-09-30,392.00,call,108.67,131.87,131.49,75,132.24,10,0,2,2024-05-06,0.02615,1.00000,0.00000,-0.05603,0.00000,1.54521
SPY240930C00393000,SPY,2024-09-30,393.00,call,121.62,130.90,130.52,153,131.27,10,0,1,2024-05-06,0.02594,1.00000,0.00000,-0.05617,0.00000,1.54915
SPY240930C00394000,SPY,2024-09-30,394.00,call,119.47,129.94,129.56,153,130.31,10,0,1,2024-05-06,0.02573,1.00000,0.00000,-0.05631,0.00000,1.55310
SPY240930C00395000,SPY,2024-09-30,395.00,call,127.05,128.97,128.60,153,129.34,10,2,40,2024-05-06,0.02552,1.00000,0.00000,-0.05646,0.00000,1.55704
SPY240930C00396000,SPY,2024-09-30,396.00,call,117.49,128.00,127.63,153,128.38,10,0,41,2024-05-06,0.02531,1.00000,0.00000,-0.05660,0.00000,1.56098
SPY240930C00397000,SPY,2024-09-30,397.00,call,117.65,127.04,126.67,153,127.41,10,0,1,2024-05-06,0.02510,1.00000,0.00000,-0.05674,0.00000,1.56492
SPY240930C00398000,SPY,2024-09-30,398.00,call,116.82,126.08,125.71,153,126.45,10,0,1,2024-05-06,0.02489,1.00000,0.00000,-0.05688,0.00000,1.56886
SPY240930C00399000,SPY,2024-09-30,399.00,call,115.73,125.11,124.74,153,125.48,10,0,1,2024-05-06,0.02468,1.00000,0.00000,-0.05703,0.00000,1.57280
SPY240930C00400000,SPY,2024-09-30,400.00,call,118.58,124.15,123.78,153,124.52,10,0,353,2024-05-06,0.02447,1.00000,0.00000,-0.05717,0.00000,1.57675
SPY240930C00401000,SPY,2024-09-30,401.00,call,109.66,123.19,122.82,153,123.56,10,0,43,2024-05-06,0.02426,1.00000,0.00000,-0.05731,0.00000,1.58069
SPY240930C00402000,SPY,2024-09-30,402.00,call,112.93,122.22,121.86,153,122.59,10,0,1,2024-05-06,0.02405,1.00000,0.00000,-0.05746,0.00000,1.58463
SPY240930C00403000,SPY,2024-09-30,403.00,call,111.83,121.27,120.90,153,121.63,10,0,1,2024-05-06,0.02384,1.00000,0.00000,-0.05760,0.00000,1.58857
SPY240930C00404000,SPY,2024-09-30,404.00,call,115.53,120.31,119.94,153,120.67,10,0,5,2024-05-06,0.02363,1.00000,0.00000,-0.05774,0.00000,1.59251
SPY240930C00405000,SPY,2024-09-30,405.00,call,109.83,119.34,118.98,153,119.71,10,0,35,2024-05-06,0.02342,1.00000,0.00000,-0.05789,0.00000,1.59646
SPY240930C00406000,SPY,2024-09-30,406.00,call,128.53,118.38,118.02,153,118.74,10,0,2,2024-05-06,0.02321,1.00000,0.00000,-0.05803,0.00000,1.60040
SPY240930C00407000,SPY,2024-09-30,407.00,call,72.47,117.42,117.06,153,117.78,10,0,1,2024-05-06,0.02300,1.00000,0.00000,-0.05817,0.00000,1.60434
SPY240930C00408000,SPY,2024-09-30,408.00,call,116.40,116.46,116.10,153,116.82,10,0,3,2024-05-06,0.02279,1.00000,0.00000,-0.05831,0.00000,1.60828
SPY240930C00409000,SPY,2024-09-30,409.00,call,105.72,115.50,115.14,153,115.86,10,0,4,2024-05-06,0.02258,1.00000,0.00000,-0.05846,0.00000,1.61222
SPY240930C00410000,SPY,2024-09-30,410.00,call,98.90,114.54,114.18,153,114.90,10,0,38,2024-05-06,0.02237,1.00000,0.00000,-0.05860,0.00000,1.61617
SPY240930C00411000,SPY,2024-09-30,411.00,call,114.13,113.58,113.22,153,113.94,10,0,6,2024-05-06,0.02216,1.00000,0.00000,-0.05874,0.00000,1.62011
SPY240930C00412000,SPY,2024-09-30,412.00,call,113.69,112.62,112.27,153,112.98,10,0,5,2024-05-06,0.02195,1.00000,0.00000,-0.05889,0.00000,1.62405
SPY240930C00413000,SPY,2024-09-30,413.00,call,121.98,111.66,111.31,153,112.02,10,0,27,2024-05-06,0.02174,1.00000,0.00000,-0.05903,0.00000,1.62799
SPY240930C00414000,SPY,2024-09-30,414.00,call,111.64,110.71,110.35,153,111.07,10,0,4,2024-05-06,0.02153,1.00000,0.00000,-0.05917,0.00000,1.63193
SPY240930C00415000,SPY,2024-09-30,415.00,call,100.55,109.75,109.40,153,110.11,10,0,51,2024-05-06,0.02132,1.00000,0.00000,-0.05931,0.00000,1.63587
SPY240930C00416000,SPY,2024-09-30,416.00,call,110.79,108.80,108.44,153,109.15,10,0,5,2024-05-06,0.02111,1.00000,0.00000,-0.05946,0.00000,1.63982
SPY240930C00417000,SPY,2024-09-30,417.00,call,117.15,107.84,107.48,153,108.19,10,0,6,2024-05-06,0.02090,1.00000,0.00000,-0.05960,0.00000,1.64376
SPY240930C00418000,SPY,2024-09-30,418.00,call,108.91,106.88,106.53,153,107.24,10,0,7,2024-05-06,0.02069,1.00000,0.00000,-0.05974,0.00000,1.64770
SPY240930C00419000,SPY,2024-09-30,419.00,call,107.80,105.93,105.58,153,106.28,10,0,109,2024-05-06,0.02048,1.00000,0.00000,-0.05989,0.00000,1.65164
SPY240930C00420000,SPY,2024-09-30,420.00,call,95.27,104.97,104.62,153,105.33,10,0,104,2024-05-06,0.02027,1.00000,0.00000,-0.06003,0.00000,1.65558
SPY240930C00421000,SPY,2024-09-30,421.00,call,96.30,104.02,103.67,153,104.37,10,0,107,2024-05-06,0.02006,1.00000,0.00000,-0.06017,0.00000,1.65953
SPY240930C00422000,SPY,2024-09-30,422.00,call,108.54,103.07,102.72,153,103.42,10,0,19,2024-05-06,0.01985,1.00000,0.00000,-0.06031,0.00000,1.66347
SPY240930C00423000,SPY,2024-09-30,423.00,call,108.53,102.11,101.76,153,102.46,10,0,120,2024-05-06,0.01964,1.00000,0.00000,-0.06046,0.00000,1.66741
SPY240930C00424000,SPY,2024-09-30,424.00,call,102.82,101.16,100.81,153,101.51,10,0,16,2024-05-06,0.01943,1.00000,0.00000,-0.06060,0.00000,1.67135
SPY240930C00425000,SPY,2024-09-30,425.00,call,90.56,100.21,99.86,153,100.56,10,0,151,2024-05-06,0.01922,1.00000,0.00000,-0.06074,0.00000,1.67529
SPY240930C00426000,SPY,2024-09-30,426.00,call,90.16,99.25,98.91,153,99.60,10,0,16,2024-05-06,0.01901,1.00000,0.00000,-0.06089,0.00000,1.67924
SPY240930C00427000,SPY,2024-09-30,427.00,call,99.52,98.31,97.96,153,98.65,10,0,8,2024-05-06,0.01880,1.00000,0.00000,-0.06103,0.00000,1.68318
SPY240930C00428000,SPY,2024-09-30,428.00,call,102.81,97.36,97.01,153,97.70,10,0,261,2024-05-06,0.01859,1.00000,0.00000,-0.06117,0.00000,1.68712
SPY240930C00429000,SPY,2024-09-30,429.00,call,97.35,96.41,96.07,153,96.75,10,0,337,2024-05-06,0.01838,1.00000,0.00000,-0.06132,0.00000,1.69106
SPY240930C00430000,SPY,2024-09-30,430.00,call,93.77,95.46,95.12,153,95.80,10,1,225,2024-05-06,0.01817,1.00000,0.00000,-0.06146,0.00000,1.69500
SPY240930C00431000,SPY,2024-09-30,431.00,call,89.24,94.52,94.17,153,94.86,10,0,42,2024-05-06,0.01796,1.00000,0.00000,-0.06160,0.00000,1.69894
SPY240930C00432000,SPY,2024-09-30,432.00,call,76.48,93.57,93.23,153,93.91,10,0,22,2024-05-06,0.01775,1.00000,0.00000,-0.06174,0.00000,1.70289
SPY240930C00433000,SPY,2024-09-30,433.00,call,95.07,92.62,92.28,153,92.96,10,0,18,2024-05-06,0.01754,1.00000,0.00000,-0.06189,0.00000,1.70683
SPY240930C00434000,SPY,2024-09-30,434.00,call,76.36,91.68,91.34,153,92.02,10,0,93,2024-05-06,0.01733,1.00000,0.00000,-0.06203,0.00000,1.71077
SPY240930C00435000,SPY,2024-09-30,435.00,call,88.88,90.73,90.39,153,91.07,10,1,2104,2024-05-06,0.01712,1.00000,0.00000,-0.06217,0.00000,1.71471
SPY240930C00436000,SPY,2024-09-30,436.00,call,92.24,89.79,89.45,153,90.13,10,0,15,2024-05-06,0.01691,1.00000,0.00000,-0.06232,0.00000,1.71865
SPY240930C00437000,SPY,2024-09-30,437.00,call,90.69,88.84,88.51,153,89.18,10,0,58,2024-05-06,0.01670,1.00000,0.00000,-0.06246,0.00000,1.72260
SPY240930C00438000,SPY,2024-09-30,438.00,call,93.59,87.91,87.57,153,88.24,10,0,133,2024-05-06,0.10992,0.99661,0.00028,-0.06359,0.03345,1.71934
SPY240930C00439000,SPY,2024-09-30,439.00,call,92.96,86.97,86.63,153,87.30,10,0,42,2024-05-06,0.11739,0.99395,0.00044,-0.06452,0.05611,1.71759
SPY240930C00440000,SPY,2024-09-30,440.00,call,76.52,86.03,85.69,153,86.36,10,0,402,2024-05-06,0.12196,0.99155,0.00058,-0.06536,0.07540,1.71638
SPY240930C00441000,SPY,2024-09-30,441.00,call,76.23,85.09,84.75,153,85.42,10,0,689,2024-05-06,0.12532,0.98923,0.00069,-0.06617,0.09319,1.71534
SPY240930C00442000,SPY,2024-09-30,442.00,call,71.03,84.15,83.82,153,84.48,10,0,334,2024-05-06,0.12776,0.98707,0.00080,-0.06692,0.10926,1.71462
SPY240930C00443000,SPY,2024-09-30,443.00,call,85.07,83.21,82.88,153,83.54,10,0,299,2024-05-06,0.12959,0.98501,0.00089,-0.06762,0.12406,1.71413
SPY240930C00444000,SPY,2024-09-30,444.00,call,77.39,82.28,81.95,153,82.60,10,0,2212,2024-05-06,0.13172,0.98255,0.00100,-0.06843,0.14130,1.71277
SPY240930C00445000,SPY,2024-09-30,445.00,call,79.62,81.34,81.01,153,81.67,10,1,394,2024-05-06,0.13294,0.98051,0.00109,-0.06911,0.15529,1.71229
SPY240930C00446000,SPY,2024-09-30,446.00,call,78.95,80.41,80.08,153,80.73,10,0,203,2024-05-06,0.13431,0.97819,0.00118,-0.06985,0.17077,1.71123
SPY240930C00447000,SPY,2024-09-30,447.00,call,85.57,79.47,79.15,153,79.80,10,0,255,2024-05-06,0.13507,0.97619,0.00127,-0.07048,0.18390,1.71084
SPY240930C00448000,SPY,2024-09-30,448.00,call,63.18,78.55,78.22,153,78.87,10,0,185,2024-05-06,0.13660,0.97343,0.00137,-0.07132,0.20159,1.70881
SPY240930C00449000,SPY,2024-09-30,449.00,call,72.96,77.62,77.29,153,77.94,10,0,386,2024-05-06,0.13736,0.97115,0.00146,-0.07201,0.21591,1.70781
SPY240930C00450000,SPY,2024-09-30,450.00,call,72.34,76.69,76.36,153,77.01,10,0,564,2024-05-06,0.13782,0.96902,0.00155,-0.07264,0.22907,1.70713
SPY240930C00451000,SPY,2024-09-30,451.00,call,67.98,75.76,75.44,153,76.08,10,0,166,2024-05-06,0.13827,0.96678,0.00163,-0.07328,0.24268,1.70621
SPY240930C00452000,SPY,2024-09-30,452.00,call,69.58,74.84,74.51,153,75.16,10,0,59,2024-05-06,0.13904,0.96413,0.00173,-0.07402,0.25848,1.70439
SPY240930C00453000,SPY,2024-09-30,453.00,call,74.08,73.91,73.59,153,74.23,10,0,88,2024-05-06,0.13919,0.96195,0.00181,-0.07461,0.27121,1.70362
SPY240930C00454000,SPY,2024-09-30,454.00,call,75.94,72.99,72.67,153,73.31,10,0,139,2024-05-06,0.13965,0.95937,0.00191,-0.07530,0.28610,1.70195
SPY240930C00455000,SPY,2024-09-30,455.00,call,65.98,72.06,71.75,153,72.38,10,0,276,2024-05-06,0.13965,0.95716,0.00199,-0.07587,0.29866,1.70109
SPY240930C00456000,SPY,2024-09-30,456.00,call,59.89,71.14,70.83,153,71.46,10,0,2206,2024-05-06,0.13995,0.95452,0.00208,-0.07653,0.31341,1.69929
SPY240930C00457000,SPY,2024-09-30,457.00,call,58.51,70.23,69.91,153,70.55,10,0,181,2024-05-06,0.14026,0.95177,0.00218,-0.07721,0.32852,1.69725
SPY240930C00458000,SPY,2024-09-30,458.00,call,62.28,69.31,69.00,153,69.63,10,0,110,2024-05-06,0.14026,0.94926,0.00227,-0.07781,0.34210,1.69574
SPY240930C00459000,SPY,2024-09-30,459.00,call,61.59,68.40,68.09,153,68.71,10,0,79,2024-05-06,0.14056,0.94629,0.00237,-0.07850,0.35791,1.69321
SPY240930C00460000,SPY,2024-09-30,460.00,call,59.29,67.49,67.18,153,67.80,10,0,269,2024-05-06,0.14071,0.94339,0.00247,-0.07916,0.37309,1.69084
SPY240930C00461000,SPY,2024-09-30,461.00,call,62.38,66.58,66.27,153,66.89,10,0,193,2024-05-06,0.14071,0.94057,0.00256,-0.07978,0.38762,1.68864
SPY240930C00462000,SPY,2024-09-30,462.00,call,57.52,65.67,65.36,153,65.98,10,0,332,2024-05-06,0.14071,0.93764,0.00266,-0.08040,0.40246,1.68621
SPY240930C00463000,SPY,2024-09-30,463.00,call,56.65,64.76,64.45,153,65.07,10,0,241,2024-05-06,0.14056,0.93481,0.00276,-0.08098,0.41660,1.68399
SPY240930C00464000,SPY,2024-09-30,464.00,call,68.30,63.85,63.55,153,64.16,10,0,86,2024-05-06,0.14026,0.93208,0.00285,-0.08150,0.43005,1.68199
SPY240930C00465000,SPY,2024-09-30,465.00,call,55.00,62.95,62.65,153,63.26,10,0,306,2024-05-06,0.14026,0.92885,0.00296,-0.08214,0.44571,1.67889
SPY240930C00466000,SPY,2024-09-30,466.00,call,51.30,62.05,61.75,153,62.36,10,0,386,2024-05-06,0.14010,0.92572,0.00306,-0.08272,0.46066,1.67600
SPY240930C00467000,SPY,2024-09-30,467.00,call,64.38,61.16,60.85,153,61.46,10,0,305,2024-05-06,0.14026,0.92206,0.00317,-0.08342,0.47783,1.67195
SPY240930C00468000,SPY,2024-09-30,468.00,call,50.50,60.26,59.96,153,60.56,10,0,361,2024-05-06,0.13995,0.91892,0.00327,-0.08395,0.49231,1.66906
SPY240930C00469000,SPY,2024-09-30,469.00,call,46.83,59.37,59.07,153,59.67,10,0,363,2024-05-06,0.13980,0.91547,0.00338,-0.08454,0.50800,1.66547
SPY240930C00470000,SPY,2024-09-30,470.00,call,47.05,58.48,58.18,153,58.78,10,0,530,2024-05-06,0.13965,0.91191,0.00349,-0.08513,0.52392,1.66163
SPY240930C00471000,SPY,2024-09-30,471.00,call,44.70,57.59,57.29,153,57.89,10,0,172,2024-05-06,0.13934,0.90846,0.00360,-0.08567,0.53909,1.65805
SPY240930C00472000,SPY,2024-09-30,472.00,call,46.94,56.70,56.41,153,57.00,10,0,164,2024-05-06,0.13904,0.90491,0.00371,-0.08620,0.55448,1.65424
SPY240930C00473000,SPY,2024-09-30,473.00,call,49.39,55.83,55.53,153,56.12,10,0,393,2024-05-06,0.13904,0.90079,0.00383,-0.08685,0.57202,1.64916
SPY240930C00475000,SPY,2024-09-30,475.00,call,52.75,54.06,53.77,153,54.36,10,2,624,2024-05-06,0.13812,0.89359,0.00405,-0.08779,0.60188,1.64135
SPY240930C00480000,SPY,2024-09-30,480.00,call,48.42,49.72,49.44,153,50.01,10,2,389,2024-05-06,0.13660,0.87243,0.00466,-0.09035,0.68446,1.61479
SPY240930C00485000,SPY,2024-09-30,485.00,call,34.70,45.48,45.21,153,45.76,10,0,546,2024-05-06,0.13477,0.84875,0.00531,-0.09262,0.76859,1.58262
SPY240930C00490000,SPY,2024-09-30,490.00,call,36.03,41.34,41.07,201,41.61,10,0,382,2024-05-06,0.13294,0.82188,0.00598,-0.09460,0.85456,1.54334
SPY240930C00495000,SPY,2024-09-30,495.00,call,36.15,37.31,37.06,153,37.57,10,3,3434,2024-05-06,0.13065,0.79240,0.00668,-0.09603,0.93842,1.49829
SPY240930C00500000,SPY,2024-09-30,500.00,call,32.76,33.44,33.19,153,33.68,10,8,1026,2024-05-06,0.12867,0.75896,0.00739,-0.09708,1.02151,1.44431
SPY240930C00505000,SPY,2024-09-30,505.00,call,29.63,29.71,29.48,159,29.95,10,48,387,2024-05-06,0.12654,0.72226,0.00808,-0.09745,1.09920,1.38292
SPY240930C00510000,SPY,2024-09-30,510.00,call,25.15,26.23,26.12,66,26.33,153,72,1098,2024-05-06,0.12486,0.68156,0.00872,-0.09727,1.16993,1.31231
SPY240930C00515000,SPY,2024-09-30,515.00,call,22.84,22.88,22.78,161,22.99,172,55,2363,2024-05-06,0.12273,0.63820,0.00931,-0.09608,1.22856,1.23556
SPY240930C00520000,SPY,2024-09-30,520.00,call,19.31,19.74,19.65,100,19.84,155,8,1292,2024-05-06,0.12044,0.59192,0.00983,-0.09392,1.27296,1.15197
SPY240930C00525000,SPY,2024-09-30,525.00,call,16.33,16.84,16.80,120,16.89,36,289,1257,2024-05-06,0.11846,0.54292,0.01021,-0.09088,1.30025,1.06167
SPY240930C00530000,SPY,2024-09-30,530.00,call,13.67,14.21,14.17,120,14.26,120,64,3879,2024-05-06,0.11663,0.49213,0.01043,-0.08692,1.30758,0.96657
SPY240930C00535000,SPY,2024-09-30,535.00,call,11.79,11.84,11.80,120,11.88,120,39,1205,2024-05-06,0.11480,0.44034,0.01048,-0.08198,1.29318,0.86841
SPY240930C00540000,SPY,2024-09-30,540.00,call,8.92,9.73,9.69,136,9.78,136,12,6758,2024-05-06,0.11312,0.38859,0.01034,-0.07624,1.25650,0.76923
SPY240930C00545000,SPY,2024-09-30,545.00,call,7.85,7.89,7.86,136,7.93,231,159,1763,2024-05-06,0.11145,0.33774,0.01000,-0.06974,1.19811,0.67091
SPY240930C00550000,SPY,2024-09-30,550.00,call,6.29,6.31,6.28,163,6.35,676,268,2050,2024-05-06,0.11007,0.28929,0.00948,-0.06287,1.12087,0.57644
SPY240930C00555000,SPY,2024-09-30,555.00,call,4.43,4.98,4.95,171,5.01,445,1,1574,2024-05-06,0.10885,0.24401,0.00879,-0.05575,1.02832,0.48757
SPY240930C00560000,SPY,2024-09-30,560.00,call,3.47,3.88,3.85,187,3.91,290,55,1485,2024-05-06,0.10779,0.20267,0.00799,-0.04864,0.92511,0.40599
SPY240930C00565000,SPY,2024-09-30,565.00,call,2.71,2.98,2.95,206,3.01,206,7,852,2024-05-06,0.10672,0.16543,0.00711,-0.04163,0.81515,0.33217
SPY240930C00570000,SPY,2024-09-30,570.00,call,2.00,2.27,2.25,109,2.30,222,2,935,2024-05-06,0.10596,0.13331,0.00620,-0.03516,0.70563,0.26822
SPY240930C00575000,SPY,2024-09-30,575.00,call,1.65,1.71,1.70,126,1.73,1138,16,1944,2024-05-06,0.10550,0.10630,0.00530,-0.02935,0.60144,0.21425
SPY240930C00580000,SPY,2024-09-30,580.00,call,1.24,1.29,1.28,135,1.30,928,6,588,2024-05-06,0.10520,0.08380,0.00446,-0.02419,0.50473,0.16917
SPY240930C00585000,SPY,2024-09-30,585.00,call,0.88,0.97,0.96,143,0.98,1102,2,222,2024-05-06,0.10535,0.06600,0.00372,-0.01991,0.42063,0.13340
SPY240930C00590000,SPY,2024-09-30,590.00,call,0.71,0.73,0.73,152,0.74,664,10,371,2024-05-06,0.10550,0.05144,0.00305,-0.01618,0.34582,0.10408
SPY240930C00595000,SPY,2024-09-30,595.00,call,0.52,0.56,0.56,160,0.57,1602,10,785,2024-05-06,0.10626,0.04058,0.00250,-0.01331,0.28581,0.08217
SPY240930C00600000,SPY,2024-09-30,600.00,call,0.44,0.43,0.43,177,0.44,1783,152,6425,2024-05-06,0.10718,0.03204,0.00205,-0.01094,0.23555,0.06493
SPY240930C00605000,SPY,2024-09-30,605.00,call,0.34,0.34,0.34,176,0.35,1805,9,1538,2024-05-06,0.10855,0.02572,0.00168,-0.00913,0.19621,0.05214
SPY240930C00610000,SPY,2024-09-30,610.00,call,0.24,0.28,0.27,177,0.28,1797,21,566,2024-05-06,0.11068,0.02138,0.00141,-0.00789,0.16794,0.04335
SPY240930C00615000,SPY,2024-09-30,615.00,call,0.21,0.21,0.21,237,0.22,1409,18,133,2024-05-06,0.11114,0.01645,0.00113,-0.00629,0.13441,0.03339
SPY240930C00620000,SPY,2024-09-30,620.00,call,0.17,0.17,0.17,177,0.18,1439,95,1643,2024-05-06,0.11282,0.01343,0.00093,-0.00532,0.11287,0.02726
SPY240930C00625000,SPY,2024-09-30,625.00,call,0.08,0.15,0.14,177,0.15,1576,0,135,2024-05-06,0.11571,0.01174,0.00081,-0.00482,0.10043,0.02381
SPY240930C00630000,SPY,2024-09-30,630.00,call,0.12,0.12,0.12,177,0.13,2161,1127,809,2024-05-06,0.11709,0.00950,0.00066,-0.00403,0.08355,0.01928
SPY240930C00635000,SPY,2024-09-30,635.00,call,0.09,0.11,0.10,177,0.11,1915,8,110,2024-05-06,0.12029,0.00855,0.00059,-0.00374,0.07616,0.01734
SPY240930C00640000,SPY,2024-09-30,640.00,call,0.09,0.08,0.08,177,0.09,1336,1,612,2024-05-06,0.12029,0.00643,0.00046,-0.00290,0.05930,0.01306
SPY240930C00645000,SPY,2024-09-30,645.00,call,0.06,0.07,0.06,1058,0.07,1,0,44,2024-05-06,0.12273,0.00560,0.00040,-0.00260,0.05244,0.01137
SPY240930C00650000,SPY,2024-09-30,650.00,call,0.06,0.07,0.06,177,0.07,1445,12,271,2024-05-06,0.12684,0.00543,0.00037,-0.00260,0.05098,0.01101
SPY240930C00655000,SPY,2024-09-30,655.00,call,0.06,0.06,0.05,177,0.06,1150,76,292,2024-05-06,0.12882,0.00465,0.00032,-0.00229,0.04445,0.00943
SPY241018C00400000,SPY,2024-10-18,400.00,call,0.00,124.75,124.40,153,125.10,10,0,0,2024-05-06,0.02182,1.00000,0.00000,-0.05702,0.00000,1.76517
SPY241018C00401000,SPY,2024-10-18,401.00,call,0.00,123.80,123.45,153,124.15,10,0,0,2024-05-06,0.02163,1.00000,0.00000,-0.05716,0.00000,1.76958
SPY241018C00402000,SPY,2024-10-18,402.00,call,0.00,122.84,122.49,153,123.20,10,0,0,2024-05-06,0.02144,1.00000,0.00000,-0.05731,0.00000,1.77400
SPY241018C00403000,SPY,2024-10-18,403.00,call,0.00,121.89,121.54,153,122.24,10,0,0,2024-05-06,0.02126,1.00000,0.00000,-0.05745,0.00000,1.77841
SPY241018C00404000,SPY,2024-10-18,404.00,call,0.00,120.94,120.59,153,121.29,10,0,0,2024-05-06,0.02107,1.00000,0.00000,-0.05759,0.00000,1.78282
SPY241018C00405000,SPY,2024-10-18,405.00,call,0.00,119.99,119.64,153,120.34,10,0,0,2024-05-06,0.02088,1.00000,0.00000,-0.05773,0.00000,1.78724
SPY241018C00406000,SPY,2024-10-18,406.00,call,0.00,119.03,118.69,153,119.38,10,0,0,2024-05-06,0.02070,1.00000,0.00000,-0.05788,0.00000,1.79165
SPY241018C00407000,SPY,2024-10-18,407.00,call,0.00,118.09,117.74,153,118.43,10,0,0,2024-05-06,0.02051,1.00000,0.00000,-0.05802,0.00000,1.79606
SPY241018C00408000,SPY,2024-10-18,408.00,call,0.00,117.14,116.79,153,117.48,10,0,0,2024-05-06,0.02032,1.00000,0.00000,-0.05816,0.00000,1.80048
SPY241018C00409000,SPY,2024-10-18,409.00,call,0.00,116.19,115.84,153,116.53,10,0,0,2024-05-06,0.02013,1.00000,0.00000,-0.05830,0.00000,1.80489
SPY241018C00410000,SPY,2024-10-18,410.00,call,113.50,115.23,114.89,153,115.58,10,2,0,2024-05-06,0.01995,1.00000,0.00000,-0.05845,0.00000,1.80930
SPY241018C00411000,SPY,2024-10-18,411.00,call,0.00,114.28,113.94,153,114.63,10,0,0,2024-05-06,0.01976,1.00000,0.00000,-0.05859,0.00000,1.81371
SPY241018C00412000,SPY,2024-10-18,412.00,call,0.00,113.34,112.99,153,113.68,10,0,0,2024-05-06,0.01957,1.00000,0.00000,-0.05873,0.00000,1.81813
SPY241018C00413000,SPY,2024-10-18,413.00,call,0.00,112.39,112.05,153,112.73,10,0,0,2024-05-06,0.01939,1.00000,0.00000,-0.05887,0.00000,1.82254
SPY241018C00414000,SPY,2024-10-18,414.00,call,0.00,111.44,111.10,153,111.78,10,0,0,2024-05-06,0.01920,1.00000,0.00000,-0.05902,0.00000,1.82695
SPY241018C00415000,SPY,2024-10-18,415.00,call,0.00,110.49,110.15,153,110.83,10,0,0,2024-05-06,0.01901,1.00000,0.00000,-0.05916,0.00000,1.83137
SPY241018C00416000,SPY,2024-10-18,416.00,call,0.00,109.54,109.21,153,109.88,10,0,0,2024-05-06,0.01882,1.00000,0.00000,-0.05930,0.00000,1.83578
SPY241018C00417000,SPY,2024-10-18,417.00,call,106.34,108.60,108.26,153,108.94,10,2,0,2024-05-06,0.01864,1.00000,0.00000,-0.05944,0.00000,1.84019
SPY241018C00418000,SPY,2024-10-18,418.00,call,0.00,107.66,107.32,153,107.99,10,0,0,2024-05-06,0.01845,1.00000,0.00000,-0.05959,0.00000,1.84460
SPY241018C00419000,SPY,2024-10-18,419.00,call,0.00,106.71,106.37,153,107.04,10,0,0,2024-05-06,0.01826,1.00000,0.00000,-0.05973,0.00000,1.84902
SPY241018C00420000,SPY,2024-10-18,420.00,call,0.00,105.77,105.43,153,106.10,10,0,0,2024-05-06,0.01808,1.00000,0.00000,-0.05987,0.00000,1.85343
SPY241018C00421000,SPY,2024-10-18,421.00,call,0.00,104.82,104.49,153,105.15,10,0,0,2024-05-06,0.01789,1.00000,0.00000,-0.06001,0.00000,1.85784
SPY241018C00422000,SPY,2024-10-18,422.00,call,0.00,103.88,103.55,153,104.21,10,0,0,2024-05-06,0.01770,1.00000,0.00000,-0.06016,0.00000,1.86226
SPY241018C00423000,SPY,2024-10-18,423.00,call,0.00,102.94,102.60,153,103.27,10,0,0,2024-05-06,0.01751,1.00000,0.00000,-0.06030,0.00000,1.86667
SPY241018C00424000,SPY,2024-10-18,424.00,call,0.00,101.99,101.66,153,102.32,10,0,0,2024-05-06,0.01733,1.00000,0.00000,-0.06044,0.00000,1.87108
SPY241018C00425000,SPY,2024-10-18,425.00,call,0.00,101.05,100.72,153,101.38,10,0,0,2024-05-06,0.01714,1.00000,0.00000,-0.06058,0.00000,1.87549
SPY241018C00426000,SPY,2024-10-18,426.00,call,0.00,100.11,99.78,153,100.44,10,0,0,2024-05-06,0.01695,1.00000,0.00000,-0.06073,0.00000,1.87991
SPY241018C00427000,SPY,2024-10-18,427.00,call,0.00,99.17,98.84,153,99.50,10,0,0,2024-05-06,0.01676,1.00000,0.00000,-0.06087,0.00000,1.88432
SPY241018C00428000,SPY,2024-10-18,428.00,call,0.00,98.23,97.91,153,98.56,10,0,0,2024-05-06,0.01658,1.00000,0.00000,-0.06101,0.00000,1.88873
SPY241018C00429000,SPY,2024-10-18,429.00,call,0.00,97.30,96.97,153,97.62,10,0,0,2024-05-06,0.01639,1.00000,0.00000,-0.06115,0.00000,1.89315
SPY241018C00430000,SPY,2024-10-18,430.00,call,0.00,96.36,96.03,153,96.68,10,0,0,2024-05-06,0.01620,1.00000,0.00000,-0.06130,0.00000,1.89756
SPY241018C00431000,SPY,2024-10-18,431.00,call,0.00,95.42,95.10,153,95.75,10,0,0,2024-05-06,0.01602,1.00000,0.00000,-0.06144,0.00000,1.90197
SPY241018C00432000,SPY,2024-10-18,432.00,call,0.00,94.48,94.16,153,94.81,10,0,0,2024-05-06,0.01583,1.00000,0.00000,-0.06158,0.00000,1.90639
SPY241018C00433000,SPY,2024-10-18,433.00,call,0.00,93.56,93.23,153,93.88,10,0,0,2024-05-06,0.01564,1.00000,0.00000,-0.06172,0.00000,1.91080
SPY241018C00434000,SPY,2024-10-18,434.00,call,0.00,92.62,92.30,153,92.94,10,0,0,2024-05-06,0.01545,1.00000,0.00000,-0.06187,0.00000,1.91521
SPY241018C00435000,SPY,2024-10-18,435.00,call,0.00,91.69,91.37,153,92.01,10,0,0,2024-05-06,0.01527,1.00000,0.00000,-0.06201,0.00000,1.91962
SPY241018C00436000,SPY,2024-10-18,436.00,call,0.00,90.76,90.44,153,91.08,10,0,0,2024-05-06,0.01508,1.00000,0.00000,-0.06215,0.00000,1.92404
SPY241018C00437000,SPY,2024-10-18,437.00,call,0.00,89.83,89.51,153,90.14,10,0,0,2024-05-06,0.01489,1.00000,0.00000,-0.06229,0.00000,1.92845
SPY241018C00438000,SPY,2024-10-18,438.00,call,0.00,88.89,88.58,153,89.21,10,0,0,2024-05-06,0.01471,1.00000,0.00000,-0.06244,0.00000,1.93286
SPY241018C00439000,SPY,2024-10-18,439.00,call,0.00,87.97,87.65,153,88.28,10,0,0,2024-05-06,0.01452,1.00000,0.00000,-0.06258,0.00000,1.93728
SPY241018C00440000,SPY,2024-10-18,440.00,call,0.00,87.04,86.72,153,87.36,10,0,0,2024-05-06,0.01433,1.00000,0.00000,-0.06272,0.00000,1.94169
SPY241018C00441000,SPY,2024-10-18,441.00,call,0.00,86.12,85.80,153,86.43,10,0,0,2024-05-06,0.10489,0.99560,0.00035,-0.06395,0.04482,1.93559
SPY241018C00442000,SPY,2024-10-18,442.00,call,0.00,85.19,84.88,153,85.50,10,0,0,2024-05-06,0.11175,0.99252,0.00053,-0.06486,0.07179,1.93260
SPY241018C00443000,SPY,2024-10-18,443.00,call,0.00,84.27,83.95,153,84.58,10,0,0,2024-05-06,0.11709,0.98919,0.00070,-0.06583,0.09904,1.92900
SPY241018C00444000,SPY,2024-10-18,444.00,call,0.00,83.34,83.03,153,83.65,10,0,0,2024-05-06,0.11998,0.98664,0.00082,-0.06658,0.11903,1.92724
SPY241018C00445000,SPY,2024-10-18,445.00,call,0.00,82.42,82.11,153,82.73,10,0,0,2024-05-06,0.12288,0.98375,0.00095,-0.06742,0.14091,1.92464
SPY241018C00450000,SPY,2024-10-18,450.00,call,75.93,77.84,77.53,153,78.14,10,6,0,2024-05-06,0.13172,0.96955,0.00151,-0.07132,0.23928,1.91218
SPY241018C00455000,SPY,2024-10-18,455.00,call,0.00,73.28,72.99,153,73.58,10,0,0,2024-05-06,0.13538,0.95586,0.00198,-0.07470,0.32413,1.90083
SPY241018C00460000,SPY,2024-10-18,460.00,call,0.00,68.78,68.49,153,69.07,10,0,0,2024-05-06,0.13751,0.94077,0.00247,-0.07799,0.40954,1.88595
SPY241018C00465000,SPY,2024-10-18,465.00,call,0.00,64.33,64.04,153,64.61,10,0,0,2024-05-06,0.13843,0.92442,0.00296,-0.08108,0.49454,1.86787
SPY241018C00470000,SPY,2024-10-18,470.00,call,58.12,59.93,59.65,153,60.21,10,2,0,2024-05-06,0.13827,0.90690,0.00347,-0.08389,0.57836,1.84686
SPY241018C00475000,SPY,2024-10-18,475.00,call,45.67,55.59,55.32,153,55.87,10,0,1,2024-05-06,0.13751,0.88767,0.00400,-0.08647,0.66294,1.82160
SPY241018C00480000,SPY,2024-10-18,480.00,call,50.58,51.36,51.08,153,51.64,153,8,0,2024-05-06,0.13690,0.86552,0.00455,-0.08899,0.75208,1.78898
SPY241018C00485000,SPY,2024-10-18,485.00,call,0.00,47.20,46.93,153,47.47,153,0,0,2024-05-06,0.13568,0.84159,0.00513,-0.09111,0.83956,1.75187
SPY241018C00490000,SPY,2024-10-18,490.00,call,0.00,43.14,42.88,10,43.40,153,0,0,2024-05-06,0.13416,0.81531,0.00572,-0.09285,0.92612,1.70888
SPY241018C00495000,SPY,2024-10-18,495.00,call,34.43,39.20,38.94,153,39.45,153,0,8,2024-05-06,0.13248,0.78637,0.00633,-0.09418,1.01106,1.65913
SPY241018C00500000,SPY,2024-10-18,500.00,call,31.96,35.38,35.14,10,35.62,153,0,5,2024-05-06,0.13065,0.75470,0.00693,-0.09502,1.09256,1.60244
SPY241018C00505000,SPY,2024-10-18,505.00,call,28.51,31.70,31.48,153,31.92,10,0,31,2024-05-06,0.12867,0.72026,0.00753,-0.09527,1.16862,1.53866
SPY241018C00510000,SPY,2024-10-18,510.00,call,26.60,28.19,27.99,246,28.39,191,16,43,2024-05-06,0.12684,0.68270,0.00809,-0.09495,1.23762,1.46676
SPY241018C00515000,SPY,2024-10-18,515.00,call,24.22,24.87,24.68,97,25.06,270,15,19,2024-05-06,0.12486,0.64254,0.00861,-0.09388,1.29618,1.38804
SPY241018C00520000,SPY,2024-10-18,520.00,call,20.76,21.75,21.57,457,21.93,452,9,25,2024-05-06,0.12303,0.59972,0.00904,-0.09210,1.34207,1.30217
SPY241018C00525000,SPY,2024-10-18,525.00,call,18.59,18.84,18.67,222,19.00,493,653,27,2024-05-06,0.12120,0.55479,0.00939,-0.08951,1.37250,1.21039
SPY241018C00530000,SPY,2024-10-18,530.00,call,16.00,16.16,16.00,240,16.32,502,1037,3025,2024-05-06,0.11952,0.50823,0.00961,-0.08615,1.38530,1.11372
SPY241018C00535000,SPY,2024-10-18,535.00,call,13.58,13.71,13.56,351,13.86,442,132,9,2024-05-06,0.11770,0.46059,0.00971,-0.08192,1.37882,1.01361
SPY241018C00540000,SPY,2024-10-18,540.00,call,10.75,11.50,11.35,935,11.64,480,8,11,2024-05-06,0.11602,0.41263,0.00966,-0.07699,1.35223,0.91162
SPY241018C00545000,SPY,2024-10-18,545.00,call,9.09,9.53,9.40,941,9.66,467,5,210,2024-05-06,0.11449,0.36525,0.00945,-0.07146,1.30577,0.80981
SPY241018C00550000,SPY,2024-10-18,550.00,call,7.26,7.80,7.68,935,7.92,300,2152,6005,2024-05-06,0.11297,0.31904,0.00910,-0.06539,1.24048,0.70973
SPY241031C00360000,SPY,2024-10-31,360.00,call,157.15,163.84,163.38,75,164.31,10,0,5,2024-05-06,0.02718,1.00000,0.00000,-0.05122,0.00000,1.71057
SPY241031C00370000,SPY,2024-10-31,370.00,call,0.00,154.24,153.78,75,154.69,15,0,0,2024-05-06,0.02544,1.00000,0.00000,-0.05264,0.00000,1.75809
SPY241031C00380000,SPY,2024-10-31,380.00,call,0.00,144.66,144.21,153,145.10,10,0,0,2024-05-06,0.02371,1.00000,0.00000,-0.05407,0.00000,1.80560
SPY241031C00390000,SPY,2024-10-31,390.00,call,129.98,135.10,134.67,153,135.53,10,0,9,2024-05-06,0.02197,1.00000,0.00000,-0.05549,0.00000,1.85312
SPY241031C00400000,SPY,2024-10-31,400.00,call,120.25,125.57,125.15,153,125.99,15,0,1,2024-05-06,0.02023,1.00000,0.00000,-0.05691,0.00000,1.90063
SPY241031C00410000,SPY,2024-10-31,410.00,call,114.04,116.09,115.67,153,116.50,10,10,0,2024-05-06,0.01850,1.00000,0.00000,-0.05834,0.00000,1.94815
SPY241031C00420000,SPY,2024-10-31,420.00,call,100.88,106.66,106.26,153,107.05,15,0,1,2024-05-06,0.01676,1.00000,0.00000,-0.05976,0.00000,1.99567
SPY241031C00430000,SPY,2024-10-31,430.00,call,95.29,97.30,96.91,153,97.68,10,2,0,2024-05-06,0.01503,1.00000,0.00000,-0.06118,0.00000,2.04318
SPY241031C00440000,SPY,2024-10-31,440.00,call,0.00,88.03,87.65,153,88.40,10,0,0,2024-05-06,0.11922,0.98872,0.00069,-0.06530,0.10676,2.06145
SPY241031C00445000,SPY,2024-10-31,445.00,call,0.00,83.43,83.06,153,83.80,10,0,0,2024-05-06,0.13004,0.97580,0.00121,-0.06892,0.20515,2.05135
SPY241031C00450000,SPY,2024-10-31,450.00,call,65.25,78.87,78.51,153,79.23,10,0,12,2024-05-06,0.13538,0.96259,0.00167,-0.07229,0.29438,2.04028
SPY241031C00455000,SPY,2024-10-31,455.00,call,72.47,74.35,74.00,153,74.71,10,2,1,2024-05-06,0.13797,0.94899,0.00211,-0.07538,0.37800,2.02810
SPY241031C00458000,SPY,2024-10-31,458.00,call,0.00,71.66,71.31,153,72.01,10,0,0,2024-05-06,0.13888,0.94030,0.00237,-0.07716,0.42804,2.01931
SPY241031C00459000,SPY,2024-10-31,459.00,call,0.00,70.77,70.42,153,71.12,10,0,0,2024-05-06,0.13919,0.93720,0.00246,-0.07777,0.44533,2.01583
SPY241031C00460000,SPY,2024-10-31,460.00,call,68.20,69.88,69.53,153,70.23,10,3,7,2024-05-06,0.13934,0.93419,0.00255,-0.07834,0.46183,2.01260
SPY241031C00461000,SPY,2024-10-31,461.00,call,0.00,68.99,68.64,153,69.34,10,0,0,2024-05-06,0.13949,0.93108,0.00264,-0.07891,0.47859,2.00911
SPY241031C00462000,SPY,2024-10-31,462.00,call,0.00,68.11,67.76,153,68.45,10,0,0,2024-05-06,0.13980,0.92767,0.00273,-0.07954,0.49668,2.00480
SPY241031C00463000,SPY,2024-10-31,463.00,call,0.00,67.22,66.88,153,67.56,10,0,0,2024-05-06,0.13980,0.92457,0.00282,-0.08007,0.51286,2.00132
SPY241031C00464000,SPY,2024-10-31,464.00,call,0.00,66.34,65.99,153,66.68,10,0,0,2024-05-06,0.13980,0.92138,0.00291,-0.08060,0.52927,1.99759
SPY241031C00465000,SPY,2024-10-31,465.00,call,0.00,65.45,65.11,153,65.80,10,0,0,2024-05-06,0.13965,0.91831,0.00300,-0.08109,0.54484,1.99419
SPY241031C00466000,SPY,2024-10-31,466.00,call,0.00,64.58,64.24,153,64.92,10,0,0,2024-05-06,0.13980,0.91471,0.00309,-0.08167,0.56276,1.98937
SPY241031C00467000,SPY,2024-10-31,467.00,call,0.00,63.70,63.37,153,64.04,10,0,0,2024-05-06,0.13965,0.91146,0.00318,-0.08215,0.57874,1.98547
SPY241031C00468000,SPY,2024-10-31,468.00,call,0.00,62.83,62.49,153,63.17,10,0,0,2024-05-06,0.13965,0.90788,0.00328,-0.08269,0.59599,1.98071
SPY241031C00469000,SPY,2024-10-31,469.00,call,0.00,61.96,61.63,153,62.29,10,0,0,2024-05-06,0.13965,0.90422,0.00338,-0.08322,0.61342,1.97569
SPY241031C00470000,SPY,2024-10-31,470.00,call,57.31,61.09,60.76,153,61.43,10,0,8,2024-05-06,0.13949,0.90067,0.00347,-0.08370,0.62997,1.97102
SPY241031C00471000,SPY,2024-10-31,471.00,call,0.00,60.23,59.90,153,60.56,10,0,0,2024-05-06,0.13949,0.89681,0.00357,-0.08423,0.64773,1.96547
SPY241031C00472000,SPY,2024-10-31,472.00,call,0.00,59.37,59.04,153,59.70,10,0,0,2024-05-06,0.13934,0.89308,0.00367,-0.08471,0.66460,1.96028
SPY241031C00473000,SPY,2024-10-31,473.00,call,53.07,58.50,58.18,153,58.83,10,0,1,2024-05-06,0.13904,0.88948,0.00376,-0.08514,0.68060,1.95547
SPY241031C00474000,SPY,2024-10-31,474.00,call,0.00,57.65,57.32,153,57.98,10,0,0,2024-05-06,0.13904,0.88532,0.00386,-0.08566,0.69880,1.94911
SPY241031C00475000,SPY,2024-10-31,475.00,call,52.94,56.80,56.47,153,57.12,10,0,10,2024-05-06,0.13888,0.88130,0.00396,-0.08612,0.71609,1.94313
SPY241031C00476000,SPY,2024-10-31,476.00,call,0.00,55.95,55.62,153,56.27,10,0,0,2024-05-06,0.13873,0.87718,0.00406,-0.08658,0.73351,1.93688
SPY241031C00477000,SPY,2024-10-31,477.00,call,0.00,55.10,54.78,153,55.42,10,0,0,2024-05-06,0.13843,0.87320,0.00416,-0.08699,0.75005,1.93102
SPY241031C00478000,SPY,2024-10-31,478.00,call,0.00,54.26,53.94,153,54.58,10,0,0,2024-05-06,0.13827,0.86888,0.00427,-0.08744,0.76768,1.92423
SPY241031C00479000,SPY,2024-10-31,479.00,call,0.00,53.41,53.10,153,53.73,10,0,0,2024-05-06,0.13797,0.86470,0.00437,-0.08783,0.78443,1.91783
SPY241031C00480000,SPY,2024-10-31,480.00,call,41.91,52.58,52.26,153,52.89,10,0,1,2024-05-06,0.13782,0.86018,0.00447,-0.08826,0.80223,1.91049
SPY241031C00481000,SPY,2024-10-31,481.00,call,46.73,51.75,51.43,153,52.06,10,0,0,2024-05-06,0.13751,0.85580,0.00458,-0.08864,0.81916,1.90355
SPY241031C00482000,SPY,2024-10-31,482.00,call,0.00,50.91,50.60,153,51.23,10,0,0,2024-05-06,0.13721,0.85132,0.00468,-0.08901,0.83616,1.89633
SPY241031C00483000,SPY,2024-10-31,483.00,call,0.00,50.09,49.78,153,50.40,10,0,0,2024-05-06,0.13705,0.84649,0.00479,-0.08942,0.85412,1.88816
SPY241031C00484000,SPY,2024-10-31,484.00,call,0.00,49.27,48.96,153,49.58,10,0,0,2024-05-06,0.13675,0.84180,0.00490,-0.08977,0.87122,1.88038
SPY241031C00485000,SPY,2024-10-31,485.00,call,44.81,48.45,48.14,153,48.76,10,0,1,2024-05-06,0.13645,0.83702,0.00500,-0.09011,0.88836,1.87232
SPY241031C00486000,SPY,2024-10-31,486.00,call,0.00,47.63,47.33,153,47.94,10,0,0,2024-05-06,0.13614,0.83212,0.00511,-0.09044,0.90553,1.86397
SPY241031C00487000,SPY,2024-10-31,487.00,call,0.00,46.83,46.52,153,47.13,10,0,0,2024-05-06,0.13599,0.82688,0.00522,-0.09081,0.92353,1.85466
SPY241031C00488000,SPY,2024-10-31,488.00,call,42.42,46.02,45.72,153,46.32,10,0,1,2024-05-06,0.13568,0.82178,0.00533,-0.09112,0.94068,1.84574
SPY241031C00489000,SPY,2024-10-31,489.00,call,0.00,45.22,44.92,153,45.52,10,0,0,2024-05-06,0.13538,0.81657,0.00544,-0.09142,0.95782,1.83653
SPY241031C00490000,SPY,2024-10-31,490.00,call,0.00,44.42,44.12,153,44.72,10,0,0,2024-05-06,0.13507,0.81126,0.00555,-0.09170,0.97492,1.82703
SPY241031C00491000,SPY,2024-10-31,491.00,call,0.00,43.62,43.33,153,43.92,10,0,0,2024-05-06,0.13462,0.80608,0.00566,-0.09192,0.99124,1.81792
SPY241031C00492000,SPY,2024-10-31,492.00,call,0.00,42.84,42.54,153,43.13,10,0,0,2024-05-06,0.13431,0.80055,0.00577,-0.09217,1.00826,1.80783
SPY241031C00493000,SPY,2024-10-31,493.00,call,0.00,42.05,41.76,153,42.35,10,0,0,2024-05-06,0.13401,0.79492,0.00588,-0.09241,1.02520,1.79745
SPY241031C00494000,SPY,2024-10-31,494.00,call,0.00,41.27,40.98,153,41.56,10,0,0,2024-05-06,0.13370,0.78917,0.00599,-0.09264,1.04205,1.78677
SPY241031C00495000,SPY,2024-10-31,495.00,call,0.00,40.50,40.21,153,40.79,10,0,0,2024-05-06,0.13340,0.78333,0.00610,-0.09285,1.05879,1.77579
SPY241031C00496000,SPY,2024-10-31,496.00,call,0.00,39.73,39.45,153,40.02,10,0,0,2024-05-06,0.13294,0.77760,0.00621,-0.09299,1.07478,1.76518
SPY241031C00497000,SPY,2024-10-31,497.00,call,0.00,38.97,38.68,153,39.25,10,0,0,2024-05-06,0.13263,0.77153,0.00632,-0.09317,1.09127,1.75361
SPY241031C00498000,SPY,2024-10-31,498.00,call,0.00,38.21,37.93,153,38.49,10,0,0,2024-05-06,0.13233,0.76536,0.00643,-0.09333,1.10761,1.74173
SPY241031C00499000,SPY,2024-10-31,499.00,call,0.00,37.46,37.18,153,37.74,10,0,0,2024-05-06,0.13202,0.75908,0.00654,-0.09347,1.12377,1.72956
SPY241031C00500000,SPY,2024-10-31,500.00,call,36.31,36.71,36.43,153,36.99,10,1,12,2024-05-06,0.13157,0.75292,0.00665,-0.09354,1.13920,1.71773
SPY241031C00501000,SPY,2024-10-31,501.00,call,34.58,35.97,35.69,153,36.25,10,1,2,2024-05-06,0.13126,0.74642,0.00676,-0.09364,1.15498,1.70496
SPY241031C00502000,SPY,2024-10-31,502.00,call,25.80,35.23,34.96,153,35.51,10,0,1,2024-05-06,0.13096,0.73982,0.00687,-0.09372,1.17052,1.69190
SPY241031C00503000,SPY,2024-10-31,503.00,call,0.00,34.50,34.23,153,34.78,10,0,0,2024-05-06,0.13050,0.73332,0.00698,-0.09373,1.18536,1.67914
SPY241031C00504000,SPY,2024-10-31,504.00,call,27.80,33.78,33.51,153,34.05,10,0,1,2024-05-06,0.13020,0.72651,0.00709,-0.09377,1.20041,1.66548
SPY241031C00505000,SPY,2024-10-31,505.00,call,30.20,33.06,32.79,153,33.33,10,0,10,2024-05-06,0.12989,0.71960,0.00719,-0.09379,1.21518,1.65153
SPY241031C00506000,SPY,2024-10-31,506.00,call,29.28,32.35,32.08,300,32.62,10,0,1,2024-05-06,0.12943,0.71277,0.00730,-0.09374,1.22925,1.63785
SPY241031C00507000,SPY,2024-10-31,507.00,call,29.06,31.64,31.38,153,31.91,10,0,1,2024-05-06,0.12913,0.70565,0.00740,-0.09371,1.24341,1.62331
SPY241031C00508000,SPY,2024-10-31,508.00,call,24.30,30.95,30.68,300,31.21,10,0,37,2024-05-06,0.12882,0.69842,0.00750,-0.09366,1.25723,1.60849
SPY241031C00509000,SPY,2024-10-31,509.00,call,28.54,30.25,29.99,300,30.51,10,3,27,2024-05-06,0.12837,0.69128,0.00760,-0.09353,1.27037,1.59391
SPY241031C00510000,SPY,2024-10-31,510.00,call,29.55,29.55,29.31,246,29.80,209,12,23,2024-05-06,0.12791,0.68402,0.00771,-0.09339,1.28318,1.57902
SPY241031C00511000,SPY,2024-10-31,511.00,call,27.74,28.88,28.63,352,29.12,254,2,6,2024-05-06,0.12760,0.67649,0.00780,-0.09326,1.29590,1.56333
SPY241031C00512000,SPY,2024-10-31,512.00,call,25.33,28.20,27.96,355,28.45,315,0,1,2024-05-06,0.12715,0.66902,0.00791,-0.09306,1.30796,1.54785
SPY241031C00513000,SPY,2024-10-31,513.00,call,27.50,27.54,27.30,353,27.78,297,1,0,2024-05-06,0.12684,0.66131,0.00800,-0.09289,1.31983,1.53161
SPY241031C00514000,SPY,2024-10-31,514.00,call,23.75,26.88,26.65,268,27.12,307,0,3,2024-05-06,0.12638,0.65363,0.00809,-0.09264,1.33106,1.51555
SPY241031C00515000,SPY,2024-10-31,515.00,call,25.19,26.23,26.00,272,26.47,307,3,7,2024-05-06,0.12608,0.64573,0.00818,-0.09241,1.34202,1.49876
SPY241031C00516000,SPY,2024-10-31,516.00,call,22.75,25.59,25.36,275,25.82,307,0,39,2024-05-06,0.12577,0.63774,0.00826,-0.09215,1.35249,1.48172
SPY241031C00517000,SPY,2024-10-31,517.00,call,24.80,24.95,24.72,355,25.19,307,1,35,2024-05-06,0.12532,0.62978,0.00835,-0.09182,1.36230,1.46482
SPY241031C00518000,SPY,2024-10-31,518.00,call,20.97,24.33,24.10,275,24.56,297,0,23,2024-05-06,0.12501,0.62161,0.00843,-0.09151,1.37174,1.44728
SPY241031C00519000,SPY,2024-10-31,519.00,call,22.47,23.71,23.48,275,23.94,297,1,13,2024-05-06,0.12456,0.61347,0.00852,-0.09112,1.38053,1.42983
SPY241031C00520000,SPY,2024-10-31,520.00,call,21.97,23.09,22.87,495,23.32,482,100,34,2024-05-06,0.12425,0.60514,0.00859,-0.09075,1.38886,1.41180
SPY241031C00521000,SPY,2024-10-31,521.00,call,20.18,22.49,22.27,515,22.72,460,0,23,2024-05-06,0.12379,0.59682,0.00867,-0.09030,1.39655,1.39384
SPY241031C00522000,SPY,2024-10-31,522.00,call,20.84,21.90,21.67,515,22.12,450,1,22,2024-05-06,0.12349,0.58834,0.00874,-0.08987,1.40371,1.37534
SPY241031C00523000,SPY,2024-10-31,523.00,call,18.19,21.31,21.09,515,21.53,458,0,2,2024-05-06,0.12318,0.57979,0.00880,-0.08942,1.41026,1.35664
SPY241031C00524000,SPY,2024-10-31,524.00,call,17.47,20.76,20.69,120,20.82,69,0,3,2024-05-06,0.12303,0.57114,0.00885,-0.08899,1.41620,1.33752
SPY241031C00525000,SPY,2024-10-31,525.00,call,20.20,20.20,20.12,120,20.27,154,30,12,2024-05-06,0.12273,0.56248,0.00890,-0.08848,1.42145,1.31845
SPY241031C00526000,SPY,2024-10-31,526.00,call,19.60,19.62,19.56,120,19.69,69,30,3,2024-05-06,0.12227,0.55379,0.00896,-0.08789,1.42604,1.29936
SPY241031C00527000,SPY,2024-10-31,527.00,call,15.52,19.07,19.01,120,19.12,34,0,2,2024-05-06,0.12181,0.54503,0.00902,-0.08726,1.42996,1.28005
SPY241031C00528000,SPY,2024-10-31,528.00,call,18.17,18.52,18.46,120,18.59,69,3000,1,2024-05-06,0.12151,0.53619,0.00906,-0.08666,1.43321,1.26040
SPY241031C00529000,SPY,2024-10-31,529.00,call,17.49,17.98,17.92,120,18.04,69,2,23,2024-05-06,0.12105,0.52730,0.00911,-0.08597,1.43577,1.24069
SPY241031C00530000,SPY,2024-10-31,530.00,call,16.81,17.46,17.40,120,17.53,61,2,4,2024-05-06,0.12074,0.51836,0.00915,-0.08531,1.43762,1.22072
SPY241031C00531000,SPY,2024-10-31,531.00,call,0.00,16.93,16.88,120,16.99,57,0,0,2024-05-06,0.12029,0.50935,0.00919,-0.08456,1.43874,1.20063
SPY241031C00532000,SPY,2024-10-31,532.00,call,15.94,16.44,16.37,120,16.50,57,2,2,2024-05-06,0.12013,0.50038,0.00921,-0.08391,1.43914,1.18037
SPY241031C00533000,SPY,2024-10-31,533.00,call,15.14,15.93,15.87,120,16.00,191,2,10,2024-05-06,0.11968,0.49129,0.00924,-0.08310,1.43880,1.15999
SPY241031C00535000,SPY,2024-10-31,535.00,call,9.35,14.96,14.89,120,15.03,81,0,3,2024-05-06,0.11907,0.47312,0.00927,-0.08153,1.43587,1.11892
SPY241031C00540000,SPY,2024-10-31,540.00,call,12.41,12.68,12.62,136,12.75,93,105,8,2024-05-06,0.11739,0.42738,0.00926,-0.07705,1.41523,1.01479
SPY241031C00550000,SPY,2024-10-31,550.00,call,8.90,8.82,8.76,136,8.89,204,6,1183,2024-05-06,0.11419,0.33704,0.00887,-0.06639,1.31734,0.80606
SPY241031C00560000,SPY,2024-10-31,560.00,call,5.80,5.88,5.82,171,5.93,408,7,703,2024-05-06,0.11160,0.25355,0.00795,-0.05447,1.15492,0.61004
SPY241031C00570000,SPY,2024-10-31,570.00,call,3.54,3.76,3.71,130,3.81,474,2,14,2024-05-06,0.10946,0.18159,0.00668,-0.04241,0.95181,0.43910
SPY241031C00580000,SPY,2024-10-31,580.00,call,1.70,2.33,2.29,139,2.37,408,0,77,2024-05-06,0.10809,0.12461,0.00527,-0.03156,0.74099,0.30254
SPY241031C00590000,SPY,2024-10-31,590.00,call,1.35,1.42,1.39,154,1.46,1117,7,2,2024-05-06,0.10748,0.08273,0.00393,-0.02264,0.55004,0.20148
SPY241031C00600000,SPY,2024-10-31,600.00,call,0.82,0.88,0.85,152,0.90,1020,26,217,2024-05-06,0.10809,0.05465,0.00284,-0.01612,0.39927,0.13339
SPY241031C00610000,SPY,2024-10-31,610.00,call,0.53,0.55,0.53,160,0.57,1020,19,141,2024-05-06,0.10931,0.03600,0.00201,-0.01139,0.28523,0.08800
SPY241129C00360000,SPY,2024-11-29,360.00,call,164.62,165.81,165.25,153,166.36,153,1,0,2024-05-06,0.02339,1.00000,0.00000,-0.05100,0.00000,1.98085
SPY241129C00370000,SPY,2024-11-29,370.00,call,0.00,156.28,155.74,153,156.82,153,0,0,2024-05-06,0.02189,1.00000,0.00000,-0.05242,0.00000,2.03588
SPY241129C00380000,SPY,2024-11-29,380.00,call,0.00,146.78,146.26,153,147.31,153,0,0,2024-05-06,0.02040,1.00000,0.00000,-0.05384,0.00000,2.09090
SPY241129C00390000,SPY,2024-11-29,390.00,call,0.00,137.32,136.81,153,137.83,153,0,0,2024-05-06,0.01891,1.00000,0.00000,-0.05525,0.00000,2.14592
SPY241129C00400000,SPY,2024-11-29,400.00,call,0.00,127.89,127.40,153,128.39,153,0,0,2024-05-06,0.01741,1.00000,0.00000,-0.05667,0.00000,2.20095
SPY241129C00410000,SPY,2024-11-29,410.00,call,0.00,118.53,118.04,153,119.01,10,0,0,2024-05-06,0.01592,1.00000,0.00000,-0.05809,0.00000,2.25597
SPY241129C00420000,SPY,2024-11-29,420.00,call,0.00,109.22,108.75,153,109.68,50,0,0,2024-05-06,0.13385,0.99188,0.00043,-0.06167,0.08642,2.28638
SPY241129C00430000,SPY,2024-11-29,430.00,call,98.19,99.99,99.54,153,100.44,50,1,0,2024-05-06,0.15108,0.97349,0.00104,-0.06755,0.23880,2.28485
SPY241129C00440000,SPY,2024-11-29,440.00,call,0.00,90.88,90.44,153,91.31,50,0,0,2024-05-06,0.15596,0.95373,0.00160,-0.07288,0.37710,2.27861
SPY241129C00450000,SPY,2024-11-29,450.00,call,79.86,81.89,81.47,153,82.32,50,1,0,2024-05-06,0.15626,0.93164,0.00217,-0.07768,0.51288,2.26491
SPY241129C00455000,SPY,2024-11-29,455.00,call,0.00,77.47,77.05,153,77.88,50,0,0,2024-05-06,0.15596,0.91875,0.00248,-0.08004,0.58516,2.25221
SPY241129C00460000,SPY,2024-11-29,460.00,call,0.00,73.09,72.69,153,73.49,50,0,0,2024-05-06,0.15504,0.90501,0.00280,-0.08222,0.65746,2.23682
SPY241129C00461000,SPY,2024-11-29,461.00,call,0.00,72.22,71.82,153,72.62,10,0,0,2024-05-06,0.15489,0.90203,0.00287,-0.08266,0.67256,2.23300
SPY241129C00462000,SPY,2024-11-29,462.00,call,0.00,71.35,70.95,153,71.75,50,0,0,2024-05-06,0.15458,0.89918,0.00294,-0.08305,0.68679,2.22961
SPY241129C00463000,SPY,2024-11-29,463.00,call,0.00,70.49,70.09,153,70.89,50,0,0,2024-05-06,0.15443,0.89607,0.00300,-0.08349,0.70215,2.22536
SPY241129C00464000,SPY,2024-11-29,464.00,call,0.00,69.62,69.23,153,70.02,50,0,0,2024-05-06,0.15413,0.89309,0.00307,-0.08388,0.71664,2.22156
SPY241129C00465000,SPY,2024-11-29,465.00,call,0.00,68.77,68.37,153,69.16,50,0,0,2024-05-06,0.15398,0.88984,0.00314,-0.08432,0.73225,2.21688
SPY241129C00466000,SPY,2024-11-29,466.00,call,0.00,67.91,67.52,153,68.30,50,0,0,2024-05-06,0.15367,0.88673,0.00321,-0.08470,0.74698,2.21265
SPY241129C00467000,SPY,2024-11-29,467.00,call,0.00,67.05,66.66,153,67.44,50,0,0,2024-05-06,0.15337,0.88355,0.00328,-0.08508,0.76183,2.20821
SPY241129C00468000,SPY,2024-11-29,468.00,call,0.00,66.20,65.81,153,66.59,50,0,0,2024-05-06,0.15321,0.88010,0.00335,-0.08550,0.77775,2.20287
SPY241129C00469000,SPY,2024-11-29,469.00,call,0.00,65.35,64.96,153,65.74,50,0,0,2024-05-06,0.15291,0.87678,0.00343,-0.08588,0.79280,2.19799
SPY241129C00470000,SPY,2024-11-29,470.00,call,0.00,64.50,64.12,153,64.89,50,0,0,2024-05-06,0.15260,0.87340,0.00350,-0.08625,0.80795,2.19289
SPY241129C00471000,SPY,2024-11-29,471.00,call,0.00,63.66,63.28,153,64.04,50,0,0,2024-05-06,0.15230,0.86994,0.00357,-0.08661,0.82319,2.18757
SPY241129C00472000,SPY,2024-11-29,472.00,call,0.00,62.82,62.44,153,63.20,10,0,0,2024-05-06,0.15215,0.86620,0.00365,-0.08702,0.83945,2.18132
SPY241129C00473000,SPY,2024-11-29,473.00,call,0.00,61.98,61.60,153,62.36,10,0,0,2024-05-06,0.15169,0.86282,0.00372,-0.08732,0.85392,2.17625
SPY241129C00474000,SPY,2024-11-29,474.00,call,0.00,61.15,60.77,153,61.52,10,0,0,2024-05-06,0.15154,0.85894,0.00380,-0.08772,0.87030,2.16954
SPY241129C00475000,SPY,2024-11-29,475.00,call,59.64,60.31,59.93,153,60.69,10,2,0,2024-05-06,0.15108,0.85542,0.00387,-0.08801,0.88493,2.16401
SPY241129C00476000,SPY,2024-11-29,476.00,call,0.00,59.48,59.11,153,59.86,10,0,0,2024-05-06,0.15077,0.85161,0.00395,-0.08835,0.90052,2.15755
SPY241129C00477000,SPY,2024-11-29,477.00,call,0.00,58.66,58.28,153,59.03,10,0,0,2024-05-06,0.15047,0.84772,0.00402,-0.08868,0.91616,2.15084
SPY241129C00478000,SPY,2024-11-29,478.00,call,0.00,57.83,57.46,153,58.20,10,0,0,2024-05-06,0.15016,0.84376,0.00410,-0.08900,0.93184,2.14390
SPY241129C00479000,SPY,2024-11-29,479.00,call,0.00,57.01,56.64,153,57.38,10,0,0,2024-05-06,0.14986,0.83973,0.00418,-0.08932,0.94756,2.13673
SPY241129C00480000,SPY,2024-11-29,480.00,call,0.00,56.20,55.83,153,56.56,10,0,0,2024-05-06,0.14955,0.83563,0.00426,-0.08963,0.96329,2.12931
SPY241129C00481000,SPY,2024-11-29,481.00,call,0.00,55.39,55.02,165,55.75,10,0,0,2024-05-06,0.14925,0.83144,0.00433,-0.08993,0.97904,2.12165
SPY241129C00482000,SPY,2024-11-29,482.00,call,0.00,54.57,54.21,165,54.93,10,0,0,2024-05-06,0.14879,0.82740,0.00441,-0.09017,0.99400,2.11447
SPY241129C00483000,SPY,2024-11-29,483.00,call,0.00,53.77,53.40,165,54.13,10,0,0,2024-05-06,0.14849,0.82307,0.00449,-0.09045,1.00977,2.10632
SPY241129C00484000,SPY,2024-11-29,484.00,call,0.00,52.96,52.60,165,53.32,10,0,0,2024-05-06,0.14803,0.81888,0.00457,-0.09068,1.02477,2.09865
SPY241129C00485000,SPY,2024-11-29,485.00,call,0.00,52.16,51.80,165,52.52,10,0,0,2024-05-06,0.14773,0.81439,0.00465,-0.09094,1.04052,2.09001
SPY241129C00486000,SPY,2024-11-29,486.00,call,0.00,51.36,51.01,165,51.72,10,0,0,2024-05-06,0.14727,0.81004,0.00474,-0.09115,1.05551,2.08184
SPY241129C00487000,SPY,2024-11-29,487.00,call,0.00,50.58,50.22,165,50.93,10,0,0,2024-05-06,0.14712,0.80519,0.00481,-0.09144,1.07193,2.07197
SPY241129C00488000,SPY,2024-11-29,488.00,call,0.00,49.79,49.44,165,50.14,10,0,0,2024-05-06,0.14666,0.80068,0.00490,-0.09163,1.08686,2.06330
SPY241129C00489000,SPY,2024-11-29,489.00,call,0.00,49.00,48.66,165,49.35,10,0,0,2024-05-06,0.14620,0.79610,0.00498,-0.09181,1.10177,2.05436
SPY241129C00490000,SPY,2024-11-29,490.00,call,47.41,48.23,47.88,165,48.57,10,1,0,2024-05-06,0.14590,0.79122,0.00506,-0.09202,1.11731,2.04446
SPY241129C00491000,SPY,2024-11-29,491.00,call,0.00,47.45,47.10,165,47.80,10,0,0,2024-05-06,0.14559,0.78627,0.00514,-0.09222,1.13276,2.03430
SPY241129C00492000,SPY,2024-11-29,492.00,call,0.00,46.67,46.33,165,47.02,10,0,0,2024-05-06,0.14513,0.78144,0.00522,-0.09236,1.14750,2.02459
SPY241129C00493000,SPY,2024-11-29,493.00,call,0.00,45.91,45.57,165,46.25,10,0,0,2024-05-06,0.14468,0.77654,0.00531,-0.09249,1.16217,2.01462
SPY241129C00494000,SPY,2024-11-29,494.00,call,0.00,45.15,44.81,165,45.49,10,0,0,2024-05-06,0.14437,0.77135,0.00539,-0.09265,1.17735,2.00369
SPY241129C00495000,SPY,2024-11-29,495.00,call,43.09,44.39,44.05,153,44.73,10,1,0,2024-05-06,0.14391,0.76628,0.00547,-0.09275,1.19184,1.99319
SPY241129C00496000,SPY,2024-11-29,496.00,call,0.00,43.63,43.30,153,43.97,10,0,0,2024-05-06,0.14361,0.76093,0.00555,-0.09289,1.20678,1.98174
SPY241129C00497000,SPY,2024-11-29,497.00,call,0.00,42.89,42.56,153,43.22,10,0,0,2024-05-06,0.14330,0.75551,0.00563,-0.09301,1.22157,1.97004
SPY241129C00498000,SPY,2024-11-29,498.00,call,0.00,42.14,41.81,153,42.48,10,0,0,2024-05-06,0.14285,0.75020,0.00572,-0.09307,1.23569,1.95875
SPY241129C00499000,SPY,2024-11-29,499.00,call,0.00,41.41,41.08,153,41.73,10,0,0,2024-05-06,0.14254,0.74461,0.00580,-0.09316,1.25016,1.94652
SPY241129C00500000,SPY,2024-11-29,500.00,call,0.00,40.67,40.34,153,41.00,10,0,0,2024-05-06,0.14209,0.73914,0.00588,-0.09320,1.26398,1.93470
SPY241129C00501000,SPY,2024-11-29,501.00,call,0.00,39.95,39.62,153,40.27,10,0,0,2024-05-06,0.14178,0.73340,0.00596,-0.09326,1.27809,1.92196
SPY241129C00502000,SPY,2024-11-29,502.00,call,0.00,39.22,38.89,153,39.54,10,0,0,2024-05-06,0.14132,0.72776,0.00604,-0.09326,1.29157,1.90960
SPY241129C00503000,SPY,2024-11-29,503.00,call,0.00,38.50,38.18,153,38.82,10,0,0,2024-05-06,0.14087,0.72205,0.00612,-0.09324,1.30486,1.89697
SPY241129C00504000,SPY,2024-11-29,504.00,call,0.00,37.78,37.46,153,38.10,10,0,0,2024-05-06,0.14041,0.71624,0.00620,-0.09321,1.31796,1.88407
SPY241129C00505000,SPY,2024-11-29,505.00,call,0.00,37.08,36.76,153,37.39,10,0,0,2024-05-06,0.14010,0.71019,0.00628,-0.09321,1.33121,1.87029
SPY241129C00506000,SPY,2024-11-29,506.00,call,0.00,36.38,36.06,300,36.69,10,0,0,2024-05-06,0.13980,0.70407,0.00635,-0.09319,1.34419,1.85626
SPY241129C00507000,SPY,2024-11-29,507.00,call,0.00,35.67,35.36,300,35.99,10,0,0,2024-05-06,0.13919,0.69818,0.00644,-0.09306,1.35627,1.84315
SPY241129C00508000,SPY,2024-11-29,508.00,call,0.00,34.98,34.67,300,35.29,10,0,0,2024-05-06,0.13888,0.69190,0.00651,-0.09300,1.36873,1.82860
SPY241129C00509000,SPY,2024-11-29,509.00,call,0.00,34.30,33.99,300,34.61,10,0,0,2024-05-06,0.13858,0.68555,0.00658,-0.09293,1.38089,1.81382
SPY241129C00510000,SPY,2024-11-29,510.00,call,0.00,33.60,33.30,243,33.90,367,0,0,2024-05-06,0.13797,0.67942,0.00667,-0.09274,1.39222,1.79987
SPY241129C00511000,SPY,2024-11-29,511.00,call,0.00,32.92,32.63,243,33.22,367,0,0,2024-05-06,0.13751,0.67305,0.00674,-0.09258,1.40354,1.78510
SPY241129C00512000,SPY,2024-11-29,512.00,call,0.00,32.26,31.97,348,32.55,367,0,0,2024-05-06,0.13721,0.66648,0.00681,-0.09245,1.41478,1.76955
SPY241129C00513000,SPY,2024-11-29,513.00,call,0.00,31.59,31.31,348,31.88,362,0,0,2024-05-06,0.13675,0.65996,0.00689,-0.09226,1.42546,1.75426
SPY241129C00514000,SPY,2024-11-29,514.00,call,0.00,30.95,30.66,348,31.23,367,0,0,2024-05-06,0.13645,0.65324,0.00695,-0.09208,1.43600,1.73823
SPY241129C00515000,SPY,2024-11-29,515.00,call,30.38,30.29,30.01,348,30.57,367,6,0,2024-05-06,0.13599,0.64658,0.00703,-0.09185,1.44598,1.72244
SPY241129C00516000,SPY,2024-11-29,516.00,call,0.00,29.65,29.37,348,29.93,367,0,0,2024-05-06,0.13568,0.63972,0.00709,-0.09164,1.45576,1.70594
SPY241129C00517000,SPY,2024-11-29,517.00,call,0.00,29.01,28.73,348,29.29,371,0,0,2024-05-06,0.13523,0.63291,0.00716,-0.09136,1.46500,1.68965
SPY241129C00518000,SPY,2024-11-29,518.00,call,0.00,28.38,28.10,348,28.65,371,0,0,2024-05-06,0.13477,0.62603,0.00723,-0.09106,1.47386,1.67310
SPY241129C00519000,SPY,2024-11-29,519.00,call,26.72,27.75,27.47,243,28.03,389,1,0,2024-05-06,0.13446,0.61898,0.00728,-0.09079,1.48241,1.65592
SPY241129C00520000,SPY,2024-11-29,520.00,call,27.10,27.13,26.86,348,27.41,354,5,0,2024-05-06,0.13401,0.61195,0.00735,-0.09044,1.49044,1.63890
SPY241129C00521000,SPY,2024-11-29,521.00,call,0.00,26.52,26.24,243,26.79,386,0,0,2024-05-06,0.13355,0.60486,0.00741,-0.09008,1.49803,1.62163
SPY241129C00522000,SPY,2024-11-29,522.00,call,0.00,25.91,25.65,485,26.18,350,0,0,2024-05-06,0.13324,0.59763,0.00746,-0.08974,1.50525,1.60380
SPY241129C00523000,SPY,2024-11-29,523.00,call,0.00,25.31,25.05,485,25.58,554,0,0,2024-05-06,0.13279,0.59040,0.00752,-0.08933,1.51193,1.58607
SPY241129C00524000,SPY,2024-11-29,524.00,call,24.21,24.72,24.45,243,24.99,553,5,0,2024-05-06,0.13233,0.58311,0.00758,-0.08890,1.51815,1.56812
SPY241129C00525000,SPY,2024-11-29,525.00,call,0.00,24.13,23.87,243,24.40,555,0,0,2024-05-06,0.13187,0.57575,0.00764,-0.08845,1.52389,1.54993
SPY241129C00526000,SPY,2024-11-29,526.00,call,0.00,23.56,23.30,496,23.82,555,0,0,2024-05-06,0.13157,0.56830,0.00768,-0.08802,1.52915,1.53129
SPY241129C00527000,SPY,2024-11-29,527.00,call,0.00,22.99,22.73,496,23.25,561,0,0,2024-05-06,0.13126,0.56080,0.00772,-0.08758,1.53389,1.51248
SPY241129C00528000,SPY,2024-11-29,528.00,call,0.00,22.43,22.17,496,22.69,555,0,0,2024-05-06,0.13080,0.55328,0.00777,-0.08706,1.53809,1.49369
SPY241129C00529000,SPY,2024-11-29,529.00,call,0.00,21.88,21.63,171,22.13,912,0,0,2024-05-06,0.13050,0.54569,0.00781,-0.08657,1.54176,1.47453
SPY241129C00530000,SPY,2024-11-29,530.00,call,20.80,21.32,21.06,321,21.58,922,2,0,2024-05-06,0.13004,0.53806,0.00785,-0.08600,1.54488,1.45535
SPY241129C00531000,SPY,2024-11-29,531.00,call,0.00,20.77,20.52,321,21.03,937,0,0,2024-05-06,0.12959,0.53038,0.00789,-0.08541,1.54745,1.43597
SPY241129C00532000,SPY,2024-11-29,532.00,call,0.00,20.25,20.01,171,20.49,925,0,0,2024-05-06,0.12928,0.52267,0.00792,-0.08485,1.54945,1.41633
SPY241129C00533000,SPY,2024-11-29,533.00,call,0.00,19.73,19.48,922,19.97,924,0,0,2024-05-06,0.12898,0.51492,0.00795,-0.08427,1.55087,1.39656
SPY241129C00534000,SPY,2024-11-29,534.00,call,0.00,19.21,18.97,170,19.45,922,0,0,2024-05-06,0.12852,0.50712,0.00798,-0.08362,1.55170,1.37669
SPY241129C00535000,SPY,2024-11-29,535.00,call,0.00,18.69,18.44,321,18.93,337,0,0,2024-05-06,0.12806,0.49926,0.00801,-0.08294,1.55195,1.35664
SPY241129C00536000,SPY,2024-11-29,536.00,call,17.31,18.19,17.94,321,18.43,925,2,0,2024-05-06,0.12776,0.49143,0.00803,-0.08229,1.55159,1.33647
SPY241129C00540000,SPY,2024-11-29,540.00,call,0.00,16.25,16.01,321,16.48,937,0,0,2024-05-06,0.12608,0.45964,0.00809,-0.07932,1.54400,1.25444
SPY241129C00550000,SPY,2024-11-29,550.00,call,11.33,11.97,11.76,321,12.19,937,29,0,2024-05-06,0.12242,0.37972,0.00799,-0.07069,1.48087,1.04458
SPY241129C00560000,SPY,2024-11-29,560.00,call,8.00,8.52,8.32,321,8.71,369,6,0,2024-05-06,0.11922,0.30238,0.00752,-0.06065,1.35741,0.83754
SPY241129C00570000,SPY,2024-11-29,570.00,call,0.00,5.85,5.67,651,6.03,1405,0,0,2024-05-06,0.11632,0.23126,0.00673,-0.04988,1.18485,0.64436
SPY241129C00580000,SPY,2024-11-29,580.00,call,3.72,3.89,3.73,1368,4.06,1401,1,0,2024-05-06,0.11419,0.17047,0.00571,-0.03949,0.98616,0.47732
SPY241129C00590000,SPY,2024-11-29,590.00,call,0.00,2.53,2.37,1387,2.69,1369,0,0,2024-05-06,0.11267,0.12144,0.00460,-0.03015,0.78475,0.34140
SPY241129C00600000,SPY,2024-11-29,600.00,call,1.61,1.62,1.48,2501,1.77,2771,1,0,2024-05-06,0.11175,0.08413,0.00355,-0.02233,0.60071,0.23730
SPY241129C00610000,SPY,2024-11-29,610.00,call,0.00,1.04,0.91,2502,1.18,2550,0,0,2024-05-06,0.11175,0.05772,0.00266,-0.01634,0.44954,0.16320
SPY241220C00120000,SPY,2024-12-20,120.00,call,396.69,397.46,396.61,75,398.31,100,40,88,2024-05-06,0.05381,1.00000,0.00000,-0.01695,0.00000,0.72504
SPY241220C00130000,SPY,2024-12-20,130.00,call,386.10,387.81,386.97,75,388.65,100,0,20,2024-05-06,0.05245,1.00000,0.00000,-0.01836,0.00000,0.78546
SPY241220C00140000,SPY,2024-12-20,140.00,call,377.95,378.15,377.33,75,378.98,100,0,3,2024-05-06,0.05109,1.00000,0.00000,-0.01977,0.00000,0.84588
SPY241220C00150000,SPY,2024-12-20,150.00,call,363.78,368.50,367.70,75,369.31,100,0,19,2024-05-06,0.04974,1.00000,0.00000,-0.02119,0.00000,0.90630
SPY241220C00160000,SPY,2024-12-20,160.00,call,342.23,358.86,358.07,75,359.65,100,0,9,2024-05-06,0.04838,1.00000,0.00000,-0.02260,0.00000,0.96672
SPY241220C00170000,SPY,2024-12-20,170.00,call,331.64,349.21,348.43,75,349.99,100,0,1,2024-05-06,0.04702,1.00000,0.00000,-0.02401,0.00000,1.02714
SPY241220C00180000,SPY,2024-12-20,180.00,call,347.71,339.57,338.81,75,340.33,100,0,19,2024-05-06,0.04567,1.00000,0.00000,-0.02542,0.00000,1.08756
SPY241220C00185000,SPY,2024-12-20,185.00,call,338.46,334.75,334.00,75,335.51,100,0,13,2024-05-06,0.04499,1.00000,0.00000,-0.02613,0.00000,1.11777
SPY241220C00190000,SPY,2024-12-20,190.00,call,315.43,329.93,329.18,75,330.68,100,0,17,2024-05-06,0.04431,1.00000,0.00000,-0.02684,0.00000,1.14798
SPY241220C00195000,SPY,2024-12-20,195.00,call,318.10,325.12,324.37,75,325.86,100,0,9,2024-05-06,0.04363,1.00000,0.00000,-0.02754,0.00000,1.17819
SPY241220C00200000,SPY,2024-12-20,200.00,call,320.10,320.29,319.56,75,321.03,100,12,281,2024-05-06,0.04295,1.00000,0.00000,-0.02825,0.00000,1.20840
SPY241220C00205000,SPY,2024-12-20,205.00,call,313.50,315.48,314.75,75,316.21,100,5,1164,2024-05-06,0.04227,1.00000,0.00000,-0.02896,0.00000,1.23862
SPY241220C00210000,SPY,2024-12-20,210.00,call,293.12,310.66,309.95,75,311.38,100,0,28,2024-05-06,0.04159,1.00000,0.00000,-0.02966,0.00000,1.26883
SPY241220C00215000,SPY,2024-12-20,215.00,call,287.77,305.85,305.14,75,306.56,100,0,51,2024-05-06,0.04092,1.00000,0.00000,-0.03037,0.00000,1.29904
SPY241220C00220000,SPY,2024-12-20,220.00,call,285.13,301.03,300.33,75,301.74,100,0,162,2024-05-06,0.04024,1.00000,0.00000,-0.03107,0.00000,1.32925
SPY241220C00225000,SPY,2024-12-20,225.00,call,280.11,296.23,295.53,75,296.92,100,0,281,2024-05-06,0.03956,1.00000,0.00000,-0.03178,0.00000,1.35946
SPY241220C00230000,SPY,2024-12-20,230.00,call,275.11,291.41,290.72,75,292.10,100,0,415,2024-05-06,0.03888,1.00000,0.00000,-0.03249,0.00000,1.38967
SPY241220C00235000,SPY,2024-12-20,235.00,call,271.06,286.60,285.92,75,287.28,100,0,83,2024-05-06,0.03820,1.00000,0.00000,-0.03319,0.00000,1.41988
SPY241220C00240000,SPY,2024-12-20,240.00,call,264.72,281.80,281.12,75,282.47,100,0,203,2024-05-06,0.03752,1.00000,0.00000,-0.03390,0.00000,1.45009
SPY241220C00245000,SPY,2024-12-20,245.00,call,259.38,276.99,276.32,75,277.65,100,0,73,2024-05-06,0.03685,1.00000,0.00000,-0.03461,0.00000,1.48030
SPY241220C00250000,SPY,2024-12-20,250.00,call,256.37,272.18,271.52,75,272.84,100,0,339,2024-05-06,0.03617,1.00000,0.00000,-0.03531,0.00000,1.51051
SPY241220C00255000,SPY,2024-12-20,255.00,call,251.82,267.37,266.72,75,268.02,100,0,70,2024-05-06,0.03549,1.00000,0.00000,-0.03602,0.00000,1.54072
SPY241220C00260000,SPY,2024-12-20,260.00,call,246.54,262.56,261.92,75,263.21,100,0,209,2024-05-06,0.03481,1.00000,0.00000,-0.03672,0.00000,1.57093
SPY241220C00265000,SPY,2024-12-20,265.00,call,239.89,257.76,257.13,75,258.40,100,0,111,2024-05-06,0.03413,1.00000,0.00000,-0.03743,0.00000,1.60114
SPY241220C00270000,SPY,2024-12-20,270.00,call,235.03,252.96,252.33,75,253.59,100,0,209,2024-05-06,0.03345,1.00000,0.00000,-0.03814,0.00000,1.63135
SPY241220C00275000,SPY,2024-12-20,275.00,call,227.45,248.16,247.54,75,248.79,100,0,159,2024-05-06,0.03278,1.00000,0.00000,-0.03884,0.00000,1.66156
SPY241220C00280000,SPY,2024-12-20,280.00,call,231.77,243.37,242.75,75,243.98,100,0,95,2024-05-06,0.03210,1.00000,0.00000,-0.03955,0.00000,1.69177
SPY241220C00285000,SPY,2024-12-20,285.00,call,243.06,238.57,237.96,75,239.18,100,0,116,2024-05-06,0.03142,1.00000,0.00000,-0.04025,0.00000,1.72198
SPY241220C00290000,SPY,2024-12-20,290.00,call,220.35,233.77,233.17,75,234.37,100,0,164,2024-05-06,0.03074,1.00000,0.00000,-0.04096,0.00000,1.75219
SPY241220C00295000,SPY,2024-12-20,295.00,call,216.98,228.97,228.38,75,229.57,100,0,306,2024-05-06,0.03006,1.00000,0.00000,-0.04167,0.00000,1.78240
SPY241220C00300000,SPY,2024-12-20,300.00,call,219.00,224.18,223.59,75,224.77,100,0,906,2024-05-06,0.02938,1.00000,0.00000,-0.04237,0.00000,1.81261
SPY241220C00305000,SPY,2024-12-20,305.00,call,214.25,219.39,218.81,75,219.97,100,0,468,2024-05-06,0.02871,1.00000,0.00000,-0.04308,0.00000,1.84282
SPY241220C00310000,SPY,2024-12-20,310.00,call,206.89,214.61,214.03,75,215.18,100,0,1052,2024-05-06,0.02803,1.00000,0.00000,-0.04379,0.00000,1.87303
SPY241220C00315000,SPY,2024-12-20,315.00,call,193.42,209.82,209.25,75,210.39,100,0,240,2024-05-06,0.02735,1.00000,0.00000,-0.04449,0.00000,1.90324
SPY241220C00320000,SPY,2024-12-20,320.00,call,188.01,205.04,204.48,75,205.60,100,0,779,2024-05-06,0.02667,1.00000,0.00000,-0.04520,0.00000,1.93345
SPY241220C00325000,SPY,2024-12-20,325.00,call,194.42,200.25,199.70,75,200.81,100,0,529,2024-05-06,0.02599,1.00000,0.00000,-0.04590,0.00000,1.96366
SPY241220C00330000,SPY,2024-12-20,330.00,call,179.21,195.48,194.93,75,196.02,100,0,1321,2024-05-06,0.02531,1.00000,0.00000,-0.04661,0.00000,1.99387
SPY241220C00335000,SPY,2024-12-20,335.00,call,177.30,190.70,190.16,75,191.24,100,0,184,2024-05-06,0.02464,1.00000,0.00000,-0.04732,0.00000,2.02408
SPY241220C00340000,SPY,2024-12-20,340.00,call,176.78,185.94,185.40,75,186.47,100,0,954,2024-05-06,0.02396,1.00000,0.00000,-0.04802,0.00000,2.05429
SPY241220C00345000,SPY,2024-12-20,345.00,call,171.85,181.16,180.64,75,181.69,100,0,267,2024-05-06,0.02328,1.00000,0.00000,-0.04873,0.00000,2.08450
SPY241220C00350000,SPY,2024-12-20,350.00,call,174.15,176.41,175.89,100,176.93,10,2,1440,2024-05-06,0.02260,1.00000,0.00000,-0.04944,0.00000,2.11471
SPY241220C00355000,SPY,2024-12-20,355.00,call,165.90,171.65,171.14,153,172.16,153,0,1803,2024-05-06,0.02192,1.00000,0.00000,-0.05014,0.00000,2.14492
SPY241220C00360000,SPY,2024-12-20,360.00,call,165.55,166.89,166.39,153,167.40,153,2,2172,2024-05-06,0.02124,1.00000,0.00000,-0.05085,0.00000,2.17513
SPY241220C00365000,SPY,2024-12-20,365.00,call,148.89,162.15,161.65,153,162.65,10,0,1000,2024-05-06,0.02056,1.00000,0.00000,-0.05155,0.00000,2.20534
SPY241220C00370000,SPY,2024-12-20,370.00,call,145.40,157.41,156.92,153,157.90,153,0,1887,2024-05-06,0.01989,1.00000,0.00000,-0.05226,0.00000,2.23555
SPY241220C00375000,SPY,2024-12-20,375.00,call,139.16,152.68,152.19,153,153.16,153,0,1079,2024-05-06,0.01921,1.00000,0.00000,-0.05297,0.00000,2.26576
SPY241220C00380000,SPY,2024-12-20,380.00,call,134.35,147.95,147.47,153,148.43,153,0,2070,2024-05-06,0.01853,1.00000,0.00000,-0.05367,0.00000,2.29597
SPY241220C00385000,SPY,2024-12-20,385.00,call,129.71,143.24,142.76,153,143.71,10,0,3554,2024-05-06,0.01785,1.00000,0.00000,-0.05438,0.00000,2.32618
SPY241220C00390000,SPY,2024-12-20,390.00,call,136.50,138.53,138.06,153,138.99,10,5,4045,2024-05-06,0.01717,1.00000,0.00000,-0.05509,0.00000,2.35639
SPY241220C00395000,SPY,2024-12-20,395.00,call,125.20,133.83,133.37,153,134.29,10,0,3003,2024-05-06,0.01649,1.00000,0.00000,-0.05579,0.00000,2.38660
SPY241220C00400000,SPY,2024-12-20,400.00,call,129.15,129.14,128.69,153,129.60,10,15,9149,2024-05-06,0.01582,1.00000,0.00000,-0.05650,0.00000,2.41681
SPY241220C00405000,SPY,2024-12-20,405.00,call,123.51,124.48,124.03,153,124.93,10,2,10864,2024-05-06,0.01514,1.00000,0.00000,-0.05720,0.00000,2.44702
SPY241220C00410000,SPY,2024-12-20,410.00,call,117.97,119.83,119.39,153,120.27,10,2,11131,2024-05-06,0.01446,1.00000,0.00000,-0.05791,0.00000,2.47723
SPY241220C00415000,SPY,2024-12-20,415.00,call,102.23,115.19,114.76,153,115.62,10,0,8335,2024-05-06,0.11373,0.99782,0.00015,-0.05915,0.02798,2.50022
SPY241220C00420000,SPY,2024-12-20,420.00,call,106.65,110.58,110.15,153,111.00,10,0,9553,2024-05-06,0.13919,0.98742,0.00057,-0.06239,0.13284,2.49545
SPY241220C00425000,SPY,2024-12-20,425.00,call,104.78,105.98,105.56,153,106.40,10,3,9654,2024-05-06,0.14681,0.97865,0.00085,-0.06507,0.20895,2.49588
SPY241220C00430000,SPY,2024-12-20,430.00,call,99.51,101.42,101.01,153,101.83,10,6,9137,2024-05-06,0.15138,0.96934,0.00112,-0.06770,0.28286,2.49433
SPY241220C00435000,SPY,2024-12-20,435.00,call,85.69,96.88,96.47,153,97.28,10,0,10462,2024-05-06,0.15382,0.95979,0.00138,-0.07017,0.35329,2.49188
SPY241220C00440000,SPY,2024-12-20,440.00,call,91.40,92.37,91.97,153,92.77,10,4,10856,2024-05-06,0.15504,0.94973,0.00164,-0.07253,0.42288,2.48757
SPY241220C00445000,SPY,2024-12-20,445.00,call,86.77,87.90,87.51,153,88.29,10,7,10498,2024-05-06,0.15550,0.93893,0.00190,-0.07481,0.49313,2.48066
SPY241220C00450000,SPY,2024-12-20,450.00,call,82.33,83.47,83.09,153,83.85,10,3,19636,2024-05-06,0.15550,0.92716,0.00218,-0.07702,0.56520,2.47033
SPY241220C00455000,SPY,2024-12-20,455.00,call,77.83,79.08,78.71,153,79.46,10,3,14079,2024-05-06,0.15504,0.91445,0.00247,-0.07914,0.63838,2.45674
SPY241220C00460000,SPY,2024-12-20,460.00,call,74.15,74.75,74.39,153,75.12,10,27,20909,2024-05-06,0.15428,0.90064,0.00277,-0.08115,0.71316,2.43925
SPY241220C00465000,SPY,2024-12-20,465.00,call,69.83,70.47,70.12,153,70.83,10,2,8070,2024-05-06,0.15321,0.88571,0.00309,-0.08303,0.78897,2.41784
SPY241220C00470000,SPY,2024-12-20,470.00,call,65.64,66.25,65.91,153,66.60,10,206,7945,2024-05-06,0.15199,0.86943,0.00342,-0.08479,0.86630,2.39166
SPY241220C00475000,SPY,2024-12-20,475.00,call,62.00,62.10,61.76,153,62.44,10,218,6754,2024-05-06,0.15062,0.85175,0.00376,-0.08638,0.94451,2.36052
SPY241220C00480000,SPY,2024-12-20,480.00,call,57.53,58.03,57.70,194,58.36,10,4,13083,2024-05-06,0.14925,0.83240,0.00412,-0.08782,1.02376,2.32346
SPY241220C00485000,SPY,2024-12-20,485.00,call,53.10,54.03,53.71,193,54.35,10,6,5239,2024-05-06,0.14757,0.81177,0.00448,-0.08899,1.10153,2.28190
SPY241220C00490000,SPY,2024-12-20,490.00,call,49.41,50.13,49.82,190,50.44,10,5,15652,2024-05-06,0.14590,0.78940,0.00485,-0.08994,1.17862,2.23406
SPY241220C00495000,SPY,2024-12-20,495.00,call,45.68,46.32,46.02,189,46.62,10,64,11413,2024-05-06,0.14407,0.76545,0.00522,-0.09057,1.25331,2.18057
SPY241220C00500000,SPY,2024-12-20,500.00,call,42.13,42.62,42.33,188,42.91,10,76,11707,2024-05-06,0.14224,0.73969,0.00559,-0.09091,1.32511,2.12055
SPY241220C00505000,SPY,2024-12-20,505.00,call,38.59,39.04,38.76,186,39.32,10,11,5286,2024-05-06,0.14026,0.71230,0.00596,-0.09086,1.39230,2.05464
SPY241220C00510000,SPY,2024-12-20,510.00,call,35.00,35.59,35.31,185,35.86,10,49,8997,2024-05-06,0.13843,0.68297,0.00630,-0.09047,1.45431,1.98150
SPY241220C00515000,SPY,2024-12-20,515.00,call,31.68,32.31,32.17,56,32.46,282,186,9156,2024-05-06,0.13675,0.65183,0.00662,-0.08972,1.50935,1.90151
SPY241220C00520000,SPY,2024-12-20,520.00,call,29.15,29.13,29.03,327,29.24,142,122,16249,2024-05-06,0.13477,0.61932,0.00692,-0.08843,1.55536,1.81650
SPY241220C00525000,SPY,2024-12-20,525.00,call,25.37,26.11,26.00,349,26.21,114,706,9583,2024-05-06,0.13279,0.58530,0.00719,-0.08668,1.59140,1.72562
SPY241220C00530000,SPY,2024-12-20,530.00,call,23.40,23.27,23.21,69,23.32,120,158,7661,2024-05-06,0.13096,0.54992,0.00740,-0.08450,1.61601,1.62917
SPY241220C00535000,SPY,2024-12-20,535.00,call,20.14,20.57,20.52,59,20.63,120,335,9283,2024-05-06,0.12898,0.51344,0.00757,-0.08177,1.62785,1.52830
SPY241220C00540000,SPY,2024-12-20,540.00,call,17.72,18.06,18.02,59,18.11,36,440,12792,2024-05-06,0.12715,0.47614,0.00767,-0.07861,1.62586,1.42353
SPY241220C00545000,SPY,2024-12-20,545.00,call,15.40,15.74,15.69,115,15.79,120,31,14920,2024-05-06,0.12532,0.43832,0.00770,-0.07499,1.60926,1.31597
SPY241220C00550000,SPY,2024-12-20,550.00,call,13.13,13.62,13.57,138,13.66,136,19,11246,2024-05-06,0.12349,0.40030,0.00766,-0.07093,1.57764,1.20664
SPY241220C00555000,SPY,2024-12-20,555.00,call,11.67,11.68,11.64,115,11.72,136,55,11550,2024-05-06,0.12181,0.36265,0.00754,-0.06655,1.53126,1.09721
SPY241220C00560000,SPY,2024-12-20,560.00,call,9.95,9.94,9.90,135,9.97,40,1027,10478,2024-05-06,0.12013,0.32561,0.00734,-0.06185,1.47055,0.98860
SPY241220C00565000,SPY,2024-12-20,565.00,call,8.41,8.39,8.36,133,8.42,425,137,9833,2024-05-06,0.11861,0.28982,0.00707,-0.05698,1.39712,0.88280
SPY241220C00570000,SPY,2024-12-20,570.00,call,6.84,7.03,7.00,160,7.06,285,18,9344,2024-05-06,0.11724,0.25573,0.00672,-0.05202,1.31295,0.78128
SPY241220C00575000,SPY,2024-12-20,575.00,call,5.88,5.85,5.83,84,5.87,370,66,13428,2024-05-06,0.11602,0.22372,0.00631,-0.04707,1.22050,0.68537
SPY241220C00580000,SPY,2024-12-20,580.00,call,4.63,4.83,4.81,228,4.86,474,5,2730,2024-05-06,0.11495,0.19410,0.00586,-0.04223,1.12247,0.59612
SPY241220C00585000,SPY,2024-12-20,585.00,call,3.74,3.98,3.96,101,4.00,543,2,1771,2024-05-06,0.11404,0.16708,0.00537,-0.03757,1.02169,0.51430
SPY241220C00590000,SPY,2024-12-20,590.00,call,3.30,3.25,3.23,287,3.28,543,41,2864,2024-05-06,0.11327,0.14277,0.00488,-0.03317,0.92088,0.44039
SPY241220C00595000,SPY,2024-12-20,595.00,call,2.52,2.65,2.63,308,2.67,379,68,3622,2024-05-06,0.11267,0.12121,0.00438,-0.02908,0.82248,0.37457
SPY241220C00600000,SPY,2024-12-20,600.00,call,2.15,2.16,2.14,299,2.17,483,71,21764,2024-05-06,0.11236,0.10265,0.00390,-0.02542,0.73027,0.31772
SPY241220C00605000,SPY,2024-12-20,605.00,call,1.61,1.75,1.74,195,1.77,414,1,1431,2024-05-06,0.11206,0.08628,0.00344,-0.02204,0.64247,0.26747
SPY241220C00610000,SPY,2024-12-20,610.00,call,1.36,1.42,1.41,693,1.44,559,62,3520,2024-05-06,0.11190,0.07228,0.00301,-0.01903,0.56181,0.22435
SPY241220C00615000,SPY,2024-12-20,615.00,call,1.11,1.17,1.15,391,1.18,506,35,1277,2024-05-06,0.11236,0.06121,0.00264,-0.01662,0.49401,0.19019
SPY241220C00620000,SPY,2024-12-20,620.00,call,0.90,0.95,0.94,391,0.97,701,11,1184,2024-05-06,0.11236,0.05093,0.00228,-0.01423,0.42733,0.15844
SPY241220C00625000,SPY,2024-12-20,625.00,call,0.78,0.79,0.77,489,0.80,755,14,6654,2024-05-06,0.11312,0.04326,0.00199,-0.01245,0.37486,0.13465
SPY241220C00630000,SPY,2024-12-20,630.00,call,0.53,0.65,0.64,160,0.66,624,0,2329,2024-05-06,0.11358,0.03628,0.00172,-0.01073,0.32490,0.11302
SPY241220C00635000,SPY,2024-12-20,635.00,call,0.43,0.54,0.53,245,0.55,691,0,2210,2024-05-06,0.11434,0.03071,0.00149,-0.00934,0.28322,0.09572
SPY241220C00640000,SPY,2024-12-20,640.00,call,0.43,0.45,0.44,169,0.46,344,1,2901,2024-05-06,0.11510,0.02597,0.00128,-0.00811,0.24631,0.08098
SPY241220C00645000,SPY,2024-12-20,645.00,call,0.34,0.38,0.37,226,0.39,1176,0,2709,2024-05-06,0.11617,0.02223,0.00112,-0.00713,0.21615,0.06935
SPY241220C00650000,SPY,2024-12-20,650.00,call,0.29,0.32,0.31,226,0.33,1949,17,2498,2024-05-06,0.11709,0.01891,0.00097,-0.00622,0.18849,0.05902
SPY241220C00655000,SPY,2024-12-20,655.00,call,0.26,0.27,0.26,226,0.28,1187,11,1939,2024-05-06,0.11800,0.01609,0.00083,-0.00542,0.16421,0.05024
SPY241220C00660000,SPY,2024-12-20,660.00,call,0.19,0.23,0.22,177,0.24,1176,0,566,2024-05-06,0.11922,0.01390,0.00073,-0.00480,0.14484,0.04342
SPY241220C00665000,SPY,2024-12-20,665.00,call,0.19,0.20,0.18,1909,0.21,2238,18,828,2024-05-06,0.12059,0.01213,0.00064,-0.00429,0.12869,0.03788
SPY241220C00670000,SPY,2024-12-20,670.00,call,0.17,0.16,0.15,2051,0.18,2049,12,1772,2024-05-06,0.12059,0.00986,0.00053,-0.00356,0.10748,0.03082
SPY241220C00675000,SPY,2024-12-20,675.00,call,0.12,0.14,0.13,2029,0.15,177,0,2424,2024-05-06,0.12212,0.00869,0.00047,-0.00321,0.09628,0.02718
SPY241220C00680000,SPY,2024-12-20,680.00,call,0.09,0.12,0.11,1396,0.13,177,0,2641,2024-05-06,0.12318,0.00749,0.00041,-0.00283,0.08447,0.02342
SPY241220C00685000,SPY,2024-12-20,685.00,call,0.09,0.11,0.10,1065,0.12,1187,0,1889,2024-05-06,0.12516,0.00682,0.00037,-0.00263,0.07773,0.02131
SPY241220C00690000,SPY,2024-12-20,690.00,call,0.10,0.09,0.08,2051,0.10,177,15,2322,2024-05-06,0.12547,0.00564,0.00031,-0.00222,0.06572,0.01764
SPY241220C00695000,SPY,2024-12-20,695.00,call,0.06,0.08,0.07,1505,0.09,177,0,2510,2024-05-06,0.12699,0.00502,0.00028,-0.00202,0.05929,0.01571
SPY241220C00700000,SPY,2024-12-20,700.00,call,0.08,0.07,0.06,1505,0.08,177,61,3216,2024-05-06,0.12821,0.00440,0.00025,-0.00180,0.05271,0.01377
SPY241220C00705000,SPY,2024-12-20,705.00,call,0.07,0.06,0.05,2051,0.07,177,1,1138,2024-05-06,0.12913,0.00379,0.00021,-0.00158,0.04612,0.01187
SPY241220C00710000,SPY,2024-12-20,710.00,call,0.10,0.06,0.04,2051,0.07,1080,0,632,2024-05-06,0.13202,0.00372,0.00021,-0.00158,0.04528,0.01162
SPY241220C00715000,SPY,2024-12-20,715.00,call,0.06,0.05,0.04,1505,0.06,1080,10,1983,2024-05-06,0.13248,0.00313,0.00018,-0.00135,0.03877,0.00978
SPY241220C00720000,SPY,2024-12-20,720.00,call,0.04,0.04,0.03,2051,0.05,1,11,88718,2024-05-06,0.13248,0.00255,0.00015,-0.00112,0.03224,0.00798
SPY241220C00725000,SPY,2024-12-20,725.00,call,0.05,0.04,0.03,1505,0.05,177,0,317,2024-05-06,0.13523,0.00250,0.00014,-0.00112,0.03173,0.00783
SPY241220C00730000,SPY,2024-12-20,730.00,call,0.03,0.04,0.03,1505,0.05,1505,0,789,2024-05-06,0.13797,0.00246,0.00014,-0.00113,0.03128,0.00770
SPY241220C00735000,SPY,2024-12-20,735.00,call,0.03,0.04,0.02,2051,0.05,1080,0,511,2024-05-06,0.14071,0.00243,0.00013,-0.00113,0.03089,0.00759
SPY241220C00740000,SPY,2024-12-20,740.00,call,0.04,0.03,0.02,2051,0.04,177,1,484,2024-05-06,0.13965,0.00187,0.00010,-0.00088,0.02431,0.00584
SPY241220C00745000,SPY,2024-12-20,745.00,call,0.02,0.03,0.02,1505,0.04,1080,0,395,2024-05-06,0.14224,0.00184,0.00010,-0.00088,0.02396,0.00574
SPY241220C00750000,SPY,2024-12-20,750.00,call,0.04,0.03,0.01,1901,0.04,1080,9,15,2024-05-06,0.14483,0.00181,0.00010,-0.00088,0.02365,0.00566
SPY241220C00755000,SPY,2024-12-20,755.00,call,0.03,0.03,0.01,1806,0.04,1330,0,257,2024-05-06,0.14727,0.00177,0.00009,-0.00088,0.02318,0.00553
SPY241220C00760000,SPY,2024-12-20,760.00,call,0.05,0.02,0.01,1806,0.03,177,0,6,2024-05-06,0.14483,0.00124,0.00007,-0.00062,0.01678,0.00389
SPY241220C00765000,SPY,2024-12-20,765.00,call,0.03,0.03,0.02,1,0.03,177,0,39,2024-05-06,0.15230,0.00172,0.00009,-0.00088,0.02257,0.00536
SPY241220C00770000,SPY,2024-12-20,770.00,call,0.02,0.03,0.02,50,0.03,1176,0,237,2024-05-06,0.15489,0.00171,0.00009,-0.00089,0.02242,0.00532
SPY241231C00350000,SPY,2024-12-31,350.00,call,167.34,176.42,175.80,10,177.03,50,0,80,2024-05-06,0.02156,1.00000,0.00000,-0.04936,0.00000,2.21318
SPY241231C00355000,SPY,2024-12-31,355.00,call,155.72,171.66,171.05,20,172.27,50,0,16,2024-05-06,0.02092,1.00000,0.00000,-0.05006,0.00000,2.24479
SPY241231C00360000,SPY,2024-12-31,360.00,call,150.68,166.91,166.31,20,167.51,50,0,213,2024-05-06,0.02027,1.00000,0.00000,-0.05077,0.00000,2.27641
SPY241231C00365000,SPY,2024-12-31,365.00,call,172.05,162.17,161.58,20,162.76,50,0,1,2024-05-06,0.01962,1.00000,0.00000,-0.05147,0.00000,2.30803
SPY241231C00370000,SPY,2024-12-31,370.00,call,148.54,157.44,156.85,20,158.02,50,0,33,2024-05-06,0.01897,1.00000,0.00000,-0.05218,0.00000,2.33964
SPY241231C00375000,SPY,2024-12-31,375.00,call,160.68,152.70,152.13,20,153.28,50,0,10,2024-05-06,0.01833,1.00000,0.00000,-0.05288,0.00000,2.37126
SPY241231C00380000,SPY,2024-12-31,380.00,call,147.18,147.99,147.42,20,148.56,50,2,9,2024-05-06,0.01768,1.00000,0.00000,-0.05359,0.00000,2.40288
SPY241231C00385000,SPY,2024-12-31,385.00,call,142.48,143.28,142.72,20,143.84,50,2,9,2024-05-06,0.01703,1.00000,0.00000,-0.05429,0.00000,2.43449
SPY241231C00390000,SPY,2024-12-31,390.00,call,136.75,138.58,138.03,20,139.13,50,2,35,2024-05-06,0.01639,1.00000,0.00000,-0.05500,0.00000,2.46611
SPY241231C00395000,SPY,2024-12-31,395.00,call,144.15,133.89,133.35,20,134.44,50,0,23,2024-05-06,0.01574,1.00000,0.00000,-0.05570,0.00000,2.49773
SPY241231C00400000,SPY,2024-12-31,400.00,call,115.81,129.22,128.69,20,129.75,50,0,228,2024-05-06,0.01509,1.00000,0.00000,-0.05641,0.00000,2.52934
SPY241231C00405000,SPY,2024-12-31,405.00,call,119.00,124.56,124.04,20,125.09,50,0,19,2024-05-06,0.01444,1.00000,0.00000,-0.05711,0.00000,2.56096
SPY241231C00410000,SPY,2024-12-31,410.00,call,120.00,119.92,119.40,20,120.44,50,5,8,2024-05-06,0.01380,1.00000,0.00000,-0.05782,0.00000,2.59258
SPY241231C00415000,SPY,2024-12-31,415.00,call,116.29,115.30,114.79,20,115.80,50,0,51,2024-05-06,0.01315,1.00000,0.00000,-0.05852,0.00000,2.62419
SPY241231C00420000,SPY,2024-12-31,420.00,call,104.77,110.69,110.19,20,111.19,50,0,39,2024-05-06,0.01250,1.00000,0.00000,-0.05923,0.00000,2.65581
SPY241231C00425000,SPY,2024-12-31,425.00,call,92.79,106.12,105.62,20,106.61,50,0,1,2024-05-06,0.01185,1.00000,0.00000,-0.05993,0.00000,2.68743
SPY241231C00428000,SPY,2024-12-31,428.00,call,89.68,103.38,102.89,20,103.87,50,0,1,2024-05-06,0.11632,0.99215,0.00044,-0.06194,0.09006,2.67901
SPY241231C00429000,SPY,2024-12-31,429.00,call,112.99,102.47,101.99,20,102.95,50,0,19,2024-05-06,0.12074,0.98948,0.00055,-0.06262,0.11646,2.67591
SPY241231C00430000,SPY,2024-12-31,430.00,call,91.69,101.56,101.08,20,102.04,50,0,231,2024-05-06,0.12395,0.98703,0.00065,-0.06325,0.13969,2.67357
SPY241231C00431000,SPY,2024-12-31,431.00,call,111.19,100.66,100.17,20,101.14,50,0,3,2024-05-06,0.12699,0.98435,0.00074,-0.06391,0.16414,2.67044
SPY241231C00432000,SPY,2024-12-31,432.00,call,97.92,99.75,99.27,20,100.23,50,2,8,2024-05-06,0.12913,0.98202,0.00082,-0.06451,0.18490,2.66848
SPY241231C00433000,SPY,2024-12-31,433.00,call,93.69,98.84,98.37,20,99.32,50,0,3,2024-05-06,0.13065,0.97992,0.00089,-0.06504,0.20305,2.66737
SPY241231C00434000,SPY,2024-12-31,434.00,call,92.83,97.94,97.46,20,98.42,50,0,6,2024-05-06,0.13248,0.97745,0.00097,-0.06564,0.22398,2.66491
SPY241231C00435000,SPY,2024-12-31,435.00,call,91.94,97.03,96.56,20,97.51,50,0,14,2024-05-06,0.13370,0.97531,0.00104,-0.06616,0.24179,2.66359
SPY241231C00436000,SPY,2024-12-31,436.00,call,91.05,96.14,95.67,20,96.61,50,0,7,2024-05-06,0.13538,0.97265,0.00111,-0.06679,0.26335,2.66045
SPY241231C00437000,SPY,2024-12-31,437.00,call,90.21,95.24,94.77,50,95.71,20,0,5,2024-05-06,0.13660,0.97024,0.00118,-0.06735,0.28251,2.65818
SPY241231C00438000,SPY,2024-12-31,438.00,call,89.29,94.34,93.87,50,94.81,20,0,2,2024-05-06,0.13751,0.96799,0.00125,-0.06788,0.30010,2.65646
SPY241231C00439000,SPY,2024-12-31,439.00,call,88.41,93.45,92.98,50,93.92,20,0,6,2024-05-06,0.13858,0.96549,0.00132,-0.06844,0.31927,2.65384
SPY241231C00440000,SPY,2024-12-31,440.00,call,91.25,92.56,92.09,50,93.02,20,6,235,2024-05-06,0.13949,0.96303,0.00139,-0.06899,0.33783,2.65135
SPY241231C00441000,SPY,2024-12-31,441.00,call,86.69,91.66,91.19,50,92.12,20,0,1,2024-05-06,0.14010,0.96077,0.00145,-0.06948,0.35459,2.64958
SPY241231C00442000,SPY,2024-12-31,442.00,call,85.79,90.77,90.31,50,91.23,20,0,2,2024-05-06,0.14087,0.95826,0.00151,-0.07002,0.37285,2.64693
SPY241231C00443000,SPY,2024-12-31,443.00,call,84.13,89.88,89.42,50,90.33,20,0,6,2024-05-06,0.14148,0.95582,0.00158,-0.07053,0.39035,2.64451
SPY241231C00444000,SPY,2024-12-31,444.00,call,84.05,88.99,88.53,50,89.45,20,0,1,2024-05-06,0.14193,0.95346,0.00164,-0.07101,0.40705,2.64237
SPY241231C00445000,SPY,2024-12-31,445.00,call,83.19,88.09,87.64,50,88.55,20,0,4,2024-05-06,0.14209,0.95136,0.00170,-0.07144,0.42174,2.64114
SPY241231C00446000,SPY,2024-12-31,446.00,call,82.34,87.22,86.76,50,87.67,20,0,2,2024-05-06,0.14300,0.94833,0.00177,-0.07204,0.44252,2.63658
SPY241231C00447000,SPY,2024-12-31,447.00,call,81.46,86.33,85.88,50,86.78,20,0,6,2024-05-06,0.14315,0.94608,0.00183,-0.07247,0.45778,2.63481
SPY241231C00448000,SPY,2024-12-31,448.00,call,80.59,85.45,85.00,50,85.90,20,0,2,2024-05-06,0.14361,0.94340,0.00190,-0.07298,0.47564,2.63149
SPY241231C00449000,SPY,2024-12-31,449.00,call,79.73,84.56,84.12,50,85.01,20,0,1,2024-05-06,0.14376,0.94100,0.00196,-0.07341,0.49140,2.62920
SPY241231C00450000,SPY,2024-12-31,450.00,call,78.88,83.69,83.24,50,84.14,20,0,141,2024-05-06,0.14422,0.93817,0.00202,-0.07393,0.50977,2.62532
SPY241231C00451000,SPY,2024-12-31,451.00,call,78.03,82.81,82.37,50,83.26,20,0,21,2024-05-06,0.14437,0.93563,0.00209,-0.07437,0.52601,2.62250
SPY241231C00452000,SPY,2024-12-31,452.00,call,77.17,81.94,81.49,50,82.38,20,0,1,2024-05-06,0.14468,0.93283,0.00215,-0.07486,0.54365,2.61873
SPY241231C00453000,SPY,2024-12-31,453.00,call,76.31,81.06,80.62,50,81.50,20,0,4,2024-05-06,0.14468,0.93034,0.00221,-0.07527,0.55913,2.61609
SPY241231C00454000,SPY,2024-12-31,454.00,call,75.46,80.19,79.75,50,80.63,50,0,2,2024-05-06,0.14483,0.92759,0.00228,-0.07571,0.57600,2.61250
SPY241231C00455000,SPY,2024-12-31,455.00,call,74.62,79.33,78.89,50,79.76,50,0,69,2024-05-06,0.14513,0.92458,0.00234,-0.07620,0.59425,2.60792
SPY241231C00456000,SPY,2024-12-31,456.00,call,66.90,78.45,78.02,50,78.89,50,0,10,2024-05-06,0.14513,0.92188,0.00241,-0.07662,0.61032,2.60454
SPY241231C00457000,SPY,2024-12-31,457.00,call,72.96,77.59,77.16,50,78.03,20,0,14,2024-05-06,0.14529,0.91892,0.00247,-0.07707,0.62775,2.60016
SPY241231C00458000,SPY,2024-12-31,458.00,call,72.10,76.73,76.30,50,77.16,50,0,26,2024-05-06,0.14544,0.91589,0.00254,-0.07752,0.64534,2.59552
SPY241231C00459000,SPY,2024-12-31,459.00,call,71.28,75.87,75.44,50,76.30,20,0,12,2024-05-06,0.14544,0.91299,0.00260,-0.07793,0.66192,2.59137
SPY241231C00460000,SPY,2024-12-31,460.00,call,70.44,75.01,74.58,50,75.44,20,0,66,2024-05-06,0.14544,0.91003,0.00267,-0.07834,0.67865,2.58698
SPY241231C00461000,SPY,2024-12-31,461.00,call,69.61,74.16,73.73,50,74.58,20,0,6,2024-05-06,0.14559,0.90678,0.00274,-0.07879,0.69670,2.58155
SPY241231C00462000,SPY,2024-12-31,462.00,call,68.76,73.30,72.87,50,73.73,20,0,6,2024-05-06,0.14544,0.90389,0.00280,-0.07916,0.71256,2.57743
SPY241231C00463000,SPY,2024-12-31,463.00,call,67.95,72.45,72.03,50,72.87,50,0,5,2024-05-06,0.14544,0.90072,0.00287,-0.07957,0.72971,2.57228
SPY241231C00464000,SPY,2024-12-31,464.00,call,67.12,71.60,71.18,50,72.02,20,0,1,2024-05-06,0.14544,0.89748,0.00294,-0.07997,0.74699,2.56687
SPY241231C00465000,SPY,2024-12-31,465.00,call,66.75,70.75,70.33,50,71.17,50,0,37,2024-05-06,0.14529,0.89439,0.00301,-0.08033,0.76325,2.56201
SPY241231C00466000,SPY,2024-12-31,466.00,call,65.45,69.91,69.49,50,70.33,20,0,1,2024-05-06,0.14529,0.89102,0.00308,-0.08073,0.78076,2.55610
SPY241231C00467000,SPY,2024-12-31,467.00,call,57.67,69.06,68.65,50,69.48,50,0,13,2024-05-06,0.14513,0.88780,0.00314,-0.08109,0.79725,2.55074
SPY241231C00468000,SPY,2024-12-31,468.00,call,63.83,68.23,67.82,50,68.64,20,0,6,2024-05-06,0.14513,0.88428,0.00321,-0.08149,0.81495,2.54431
SPY241231C00469000,SPY,2024-12-31,469.00,call,62.80,67.39,66.98,100,67.80,20,0,71,2024-05-06,0.14498,0.88092,0.00328,-0.08183,0.83163,2.53845
SPY241231C00470000,SPY,2024-12-31,470.00,call,62.20,66.56,66.15,100,66.97,20,0,130,2024-05-06,0.14498,0.87727,0.00335,-0.08222,0.84950,2.53150
SPY241231C00471000,SPY,2024-12-31,471.00,call,61.40,65.72,65.32,100,66.13,20,0,10,2024-05-06,0.14468,0.87400,0.00342,-0.08252,0.86527,2.52598
SPY241231C00472000,SPY,2024-12-31,472.00,call,56.54,64.89,64.49,100,65.30,20,0,21,2024-05-06,0.14452,0.87044,0.00349,-0.08286,0.88221,2.51936
SPY241231C00473000,SPY,2024-12-31,473.00,call,58.98,64.07,63.67,100,64.47,20,0,29,2024-05-06,0.14452,0.86658,0.00357,-0.08323,0.90027,2.51164
SPY241231C00474000,SPY,2024-12-31,474.00,call,52.21,63.25,62.85,100,63.65,20,0,52,2024-05-06,0.14437,0.86288,0.00364,-0.08356,0.91732,2.50450
SPY241231C00475000,SPY,2024-12-31,475.00,call,61.90,62.43,62.03,100,62.83,20,2,87,2024-05-06,0.14422,0.85910,0.00371,-0.08388,0.93442,2.49711
SPY241231C00476000,SPY,2024-12-31,476.00,call,52.25,61.61,61.21,100,62.01,20,0,43,2024-05-06,0.14407,0.85526,0.00378,-0.08420,0.95156,2.48945
SPY241231C00477000,SPY,2024-12-31,477.00,call,66.08,60.80,60.40,100,61.19,20,0,7,2024-05-06,0.14391,0.85135,0.00385,-0.08451,0.96873,2.48154
SPY241231C00478000,SPY,2024-12-31,478.00,call,53.78,59.99,59.60,100,60.38,20,0,4,2024-05-06,0.14376,0.84737,0.00392,-0.08481,0.98593,2.47337
SPY241231C00479000,SPY,2024-12-31,479.00,call,52.66,59.18,58.79,140,59.57,20,0,14,2024-05-06,0.14346,0.84355,0.00400,-0.08507,1.00218,2.46580
SPY241231C00480000,SPY,2024-12-31,480.00,call,56.72,58.38,57.99,140,58.76,20,2,209,2024-05-06,0.14330,0.83943,0.00407,-0.08536,1.01941,2.45710
SPY241231C00481000,SPY,2024-12-31,481.00,call,52.91,57.58,57.19,139,57.96,20,0,9,2024-05-06,0.14315,0.83524,0.00414,-0.08564,1.03663,2.44814
SPY241231C00482000,SPY,2024-12-31,482.00,call,54.00,56.78,56.40,139,57.16,20,0,19,2024-05-06,0.14285,0.83121,0.00422,-0.08588,1.05293,2.43978
SPY241231C00483000,SPY,2024-12-31,483.00,call,52.18,55.98,55.61,138,56.36,20,0,11,2024-05-06,0.14254,0.82711,0.00429,-0.08610,1.06924,2.43116
SPY241231C00484000,SPY,2024-12-31,484.00,call,48.62,55.20,54.82,138,55.57,20,0,19,2024-05-06,0.14254,0.82248,0.00437,-0.08640,1.08730,2.42053
SPY241231C00485000,SPY,2024-12-31,485.00,call,43.39,54.41,54.03,138,54.78,20,0,73,2024-05-06,0.14224,0.81824,0.00444,-0.08662,1.10356,2.41138
SPY241231C00486000,SPY,2024-12-31,486.00,call,43.47,53.62,53.25,138,54.00,20,0,149,2024-05-06,0.14193,0.81392,0.00452,-0.08682,1.11981,2.40196
SPY241231C00487000,SPY,2024-12-31,487.00,call,49.13,52.84,52.47,137,53.21,20,0,1022,2024-05-06,0.14163,0.80953,0.00459,-0.08701,1.13603,2.39227
SPY241231C00488000,SPY,2024-12-31,488.00,call,48.13,52.06,51.69,100,52.43,20,0,59,2024-05-06,0.14132,0.80507,0.00467,-0.08719,1.15221,2.38231
SPY241231C00489000,SPY,2024-12-31,489.00,call,41.50,51.29,50.92,100,51.66,20,0,3013,2024-05-06,0.14117,0.80032,0.00474,-0.08741,1.16912,2.37122
SPY241231C00490000,SPY,2024-12-31,490.00,call,48.73,50.52,50.15,100,50.89,20,2,2065,2024-05-06,0.14087,0.79572,0.00482,-0.08757,1.18518,2.36072
SPY241231C00491000,SPY,2024-12-31,491.00,call,40.40,49.75,49.39,100,50.12,20,0,84,2024-05-06,0.14056,0.79104,0.00489,-0.08773,1.20117,2.34994
SPY241231C00492000,SPY,2024-12-31,492.00,call,56.45,49.00,48.63,100,49.36,20,0,10,2024-05-06,0.14041,0.78608,0.00496,-0.08791,1.21780,2.33805
SPY241231C00493000,SPY,2024-12-31,493.00,call,40.98,48.24,47.88,100,48.60,20,0,15,2024-05-06,0.14010,0.78126,0.00504,-0.08805,1.23360,2.32673
SPY241231C00494000,SPY,2024-12-31,494.00,call,39.36,47.48,47.13,100,47.84,20,0,21,2024-05-06,0.13980,0.77637,0.00511,-0.08817,1.24930,2.31514
SPY241231C00495000,SPY,2024-12-31,495.00,call,41.23,46.73,46.38,100,47.09,20,0,40,2024-05-06,0.13949,0.77141,0.00519,-0.08828,1.26490,2.30328
SPY241231C00496000,SPY,2024-12-31,496.00,call,55.17,46.00,45.64,100,46.35,20,0,21,2024-05-06,0.13934,0.76617,0.00526,-0.08842,1.28099,2.29031
SPY241231C00497000,SPY,2024-12-31,497.00,call,45.12,45.25,44.90,100,45.60,20,3,122,2024-05-06,0.13888,0.76127,0.00534,-0.08847,1.29571,2.27872
SPY241231C00498000,SPY,2024-12-31,498.00,call,39.31,44.52,44.16,100,44.87,20,0,43,2024-05-06,0.13873,0.75589,0.00541,-0.08858,1.31149,2.26522
SPY241231C00499000,SPY,2024-12-31,499.00,call,43.00,43.78,43.43,100,44.13,20,1,40,2024-05-06,0.13827,0.75084,0.00549,-0.08860,1.32595,2.25307
SPY241231C00500000,SPY,2024-12-31,500.00,call,42.25,43.05,42.71,100,43.40,20,34,396,2024-05-06,0.13797,0.74552,0.00556,-0.08865,1.34083,2.23983
SPY241231C00501000,SPY,2024-12-31,501.00,call,35.33,42.34,41.99,100,42.68,20,0,31,2024-05-06,0.13782,0.73993,0.00563,-0.08873,1.35604,2.22554
SPY241231C00502000,SPY,2024-12-31,502.00,call,41.40,41.62,41.27,100,41.96,20,48,47,2024-05-06,0.13751,0.73447,0.00570,-0.08875,1.37053,2.21177
SPY241231C00503000,SPY,2024-12-31,503.00,call,33.98,40.90,40.56,100,41.24,20,0,24,2024-05-06,0.13705,0.72913,0.00578,-0.08872,1.38435,2.19849
SPY241231C00504000,SPY,2024-12-31,504.00,call,40.14,40.20,39.86,100,40.53,20,7,136,2024-05-06,0.13690,0.72334,0.00585,-0.08876,1.39889,2.18341
SPY241231C00505000,SPY,2024-12-31,505.00,call,39.10,39.49,39.15,100,39.83,20,1,98,2024-05-06,0.13645,0.71785,0.00592,-0.08870,1.41231,2.16957
SPY241231C00506000,SPY,2024-12-31,506.00,call,37.67,38.80,38.47,300,39.13,20,18,42,2024-05-06,0.13629,0.71194,0.00599,-0.08871,1.42635,2.15398
SPY241231C00507000,SPY,2024-12-31,507.00,call,35.00,38.10,37.77,300,38.43,20,0,41,2024-05-06,0.13584,0.70630,0.00606,-0.08862,1.43933,2.13958
SPY241231C00508000,SPY,2024-12-31,508.00,call,34.40,37.42,37.09,300,37.74,20,0,28,2024-05-06,0.13553,0.70042,0.00613,-0.08855,1.45245,2.12418
SPY241231C00509000,SPY,2024-12-31,509.00,call,36.76,36.73,36.40,20,37.06,20,4,36,2024-05-06,0.13523,0.69447,0.00620,-0.08848,1.46530,2.10853
SPY241231C00510000,SPY,2024-12-31,510.00,call,35.50,36.16,36.03,41,36.28,348,40,257,2024-05-06,0.13568,0.68770,0.00624,-0.08859,1.47942,2.08931
SPY241231C00511000,SPY,2024-12-31,511.00,call,33.59,35.43,35.19,348,35.67,340,1,13,2024-05-06,0.13492,0.68209,0.00632,-0.08836,1.49072,2.07514
SPY241231C00512000,SPY,2024-12-31,512.00,call,33.15,34.74,34.48,339,35.01,348,7,36,2024-05-06,0.13446,0.67610,0.00639,-0.08819,1.50236,2.05937
SPY241231C00513000,SPY,2024-12-31,513.00,call,32.80,34.12,33.89,340,34.34,388,5,3710,2024-05-06,0.13431,0.66977,0.00645,-0.08809,1.51423,2.04210
SPY241231C00514000,SPY,2024-12-31,514.00,call,33.00,33.39,33.11,348,33.68,362,8,2058,2024-05-06,0.13355,0.66390,0.00653,-0.08781,1.52480,2.02698
SPY241231C00515000,SPY,2024-12-31,515.00,call,32.26,32.84,32.71,43,32.96,341,39,3284,2024-05-06,0.13385,0.65707,0.00657,-0.08780,1.53662,2.00748
SPY241231C00516000,SPY,2024-12-31,516.00,call,28.90,32.14,31.90,339,32.38,347,0,2123,2024-05-06,0.13309,0.65105,0.00665,-0.08748,1.54659,1.99178
SPY241231C00517000,SPY,2024-12-31,517.00,call,28.15,31.48,31.21,48,31.74,385,0,3548,2024-05-06,0.13263,0.64472,0.00672,-0.08723,1.55664,1.97465
SPY241231C00518000,SPY,2024-12-31,518.00,call,30.64,30.82,30.54,49,31.11,381,3,32,2024-05-06,0.13218,0.63831,0.00678,-0.08696,1.56635,1.95724
SPY241231C00519000,SPY,2024-12-31,519.00,call,27.18,30.20,29.92,339,30.48,382,0,21,2024-05-06,0.13187,0.63173,0.00684,-0.08672,1.57584,1.93906
SPY241231C00520000,SPY,2024-12-31,520.00,call,29.19,29.62,29.42,182,29.81,376,67,307,2024-05-06,0.13172,0.62500,0.00689,-0.08650,1.58505,1.92017
SPY241231C00521000,SPY,2024-12-31,521.00,call,23.56,28.95,28.66,348,29.24,353,0,38,2024-05-06,0.13111,0.61849,0.00696,-0.08613,1.59349,1.90246
SPY241231C00522000,SPY,2024-12-31,522.00,call,25.92,28.34,28.05,348,28.63,380,0,152,2024-05-06,0.13080,0.61174,0.00701,-0.08584,1.60175,1.88358
SPY241231C00525000,SPY,2024-12-31,525.00,call,26.74,26.55,26.27,431,26.83,469,28,168,2024-05-06,0.12974,0.59124,0.00716,-0.08479,1.62379,1.82600
SPY241231C00530000,SPY,2024-12-31,530.00,call,23.87,23.77,23.69,59,23.85,456,65,566,2024-05-06,0.12852,0.55598,0.00735,-0.08286,1.65115,1.72488
SPY241231C00535000,SPY,2024-12-31,535.00,call,20.44,21.07,20.99,120,21.16,41,13,151,2024-05-06,0.12669,0.51984,0.00752,-0.08028,1.66554,1.62031
SPY241231C00540000,SPY,2024-12-31,540.00,call,18.00,18.55,18.47,120,18.64,120,52,553,2024-05-06,0.12486,0.48281,0.00764,-0.07723,1.66605,1.51165
SPY241231C00545000,SPY,2024-12-31,545.00,call,15.59,16.22,16.14,120,16.30,91,57,373,2024-05-06,0.12318,0.44532,0.00767,-0.07379,1.65191,1.40005
SPY241231C00550000,SPY,2024-12-31,550.00,call,13.85,14.07,13.99,481,14.15,136,15,1113,2024-05-06,0.12151,0.40763,0.00764,-0.06994,1.62269,1.28664
SPY241231C00555000,SPY,2024-12-31,555.00,call,11.67,12.11,12.04,444,12.19,136,41,609,2024-05-06,0.11983,0.37009,0.00754,-0.06572,1.57838,1.17256
SPY241231C00560000,SPY,2024-12-31,560.00,call,9.98,10.36,10.28,630,10.43,136,8,387,2024-05-06,0.11846,0.33355,0.00734,-0.06132,1.52025,1.06036
SPY241231C00565000,SPY,2024-12-31,565.00,call,8.72,8.78,8.71,617,8.85,155,78,125,2024-05-06,0.11693,0.29773,0.00709,-0.05661,1.44837,0.94964
SPY241231C00570000,SPY,2024-12-31,570.00,call,7.13,7.39,7.33,1060,7.45,87,170,9990,2024-05-06,0.11571,0.26382,0.00676,-0.05189,1.36604,0.84395
SPY241231C00575000,SPY,2024-12-31,575.00,call,6.20,6.18,6.12,498,6.24,1085,26,1909,2024-05-06,0.11449,0.23160,0.00637,-0.04709,1.27418,0.74293
SPY241231C00580000,SPY,2024-12-31,580.00,call,4.82,5.13,5.08,502,5.18,952,1,262,2024-05-06,0.11343,0.20166,0.00593,-0.04237,1.17608,0.64856
SPY241231C00585000,SPY,2024-12-31,585.00,call,3.93,4.24,4.19,562,4.28,902,40,231,2024-05-06,0.11267,0.17460,0.00547,-0.03791,1.07597,0.56279
SPY241231C00590000,SPY,2024-12-31,590.00,call,3.45,3.48,3.43,623,3.52,977,4,907,2024-05-06,0.11175,0.14948,0.00498,-0.03350,0.97238,0.48289
SPY241231C00595000,SPY,2024-12-31,595.00,call,2.62,2.85,2.81,602,2.89,918,16,142,2024-05-06,0.11129,0.12777,0.00449,-0.02956,0.87373,0.41350
SPY241231C00600000,SPY,2024-12-31,600.00,call,2.17,2.33,2.29,652,2.36,1491,16,1946,2024-05-06,0.11084,0.10835,0.00401,-0.02586,0.77750,0.35124
SPY241231C00605000,SPY,2024-12-31,605.00,call,1.17,1.90,1.88,1018,1.93,1544,0,349,2024-05-06,0.11053,0.09146,0.00356,-0.02251,0.68698,0.29696
SPY241231C00610000,SPY,2024-12-31,610.00,call,1.25,1.55,1.53,1690,1.57,1005,0,56,2024-05-06,0.11053,0.07725,0.00313,-0.01959,0.60517,0.25113
SPY241231C00615000,SPY,2024-12-31,615.00,call,1.29,1.27,1.25,1178,1.29,932,15,305,2024-05-06,0.11068,0.06516,0.00275,-0.01702,0.53099,0.21206
SPY241231C00620000,SPY,2024-12-31,620.00,call,0.98,1.04,1.02,1847,1.06,944,5,856,2024-05-06,0.11084,0.05469,0.00239,-0.01471,0.46295,0.17820
SPY241231C00625000,SPY,2024-12-31,625.00,call,0.62,0.86,0.84,811,0.88,2735,0,35,2024-05-06,0.11129,0.04617,0.00208,-0.01277,0.40446,0.15055
SPY241231C00630000,SPY,2024-12-31,630.00,call,0.70,0.71,0.69,1550,0.73,2696,7,105,2024-05-06,0.11190,0.03907,0.00181,-0.01112,0.35342,0.12751
SPY241231C00635000,SPY,2024-12-31,635.00,call,0.55,0.59,0.57,843,0.61,2371,0,12,2024-05-06,0.11251,0.03301,0.00157,-0.00965,0.30779,0.10778
SPY241231C00640000,SPY,2024-12-31,640.00,call,0.47,0.49,0.48,1042,0.51,2423,8,88,2024-05-06,0.11312,0.02784,0.00135,-0.00835,0.26726,0.09095
SPY241231C00645000,SPY,2024-12-31,645.00,call,0.38,0.42,0.40,1176,0.43,2319,3,80,2024-05-06,0.11434,0.02406,0.00118,-0.00741,0.23656,0.07864
SPY241231C00650000,SPY,2024-12-31,650.00,call,0.29,0.35,0.33,1511,0.37,2430,0,543,2024-05-06,0.11510,0.02040,0.00102,-0.00644,0.20583,0.06671
SPY241231C00655000,SPY,2024-12-31,655.00,call,0.20,0.30,0.28,1680,0.31,2130,0,52,2024-05-06,0.11632,0.01767,0.00090,-0.00572,0.18212,0.05779
SPY241231C00660000,SPY,2024-12-31,660.00,call,0.20,0.26,0.24,1058,0.27,2430,0,168,2024-05-06,0.11754,0.01532,0.00078,-0.00508,0.16122,0.05013
SPY241231C00665000,SPY,2024-12-31,665.00,call,0.20,0.22,0.21,1058,0.23,2285,0,24,2024-05-06,0.11846,0.01311,0.00068,-0.00445,0.14095,0.04290
SPY241231C00670000,SPY,2024-12-31,670.00,call,0.16,0.17,0.17,1176,0.18,1,0,2,2024-05-06,0.11800,0.01043,0.00056,-0.00362,0.11561,0.03418
SPY241231C00675000,SPY,2024-12-31,675.00,call,0.15,0.15,0.14,1511,0.15,1,2,183,2024-05-06,0.11952,0.00922,0.00050,-0.00327,0.10380,0.03021
SPY250117C00180000,SPY,2025-01-17,180.00,call,333.66,339.61,338.47,75,340.74,100,0,73,2024-05-06,0.04069,1.00000,0.00000,-0.02532,0.00000,1.21614
SPY250117C00185000,SPY,2025-01-17,185.00,call,328.91,334.79,333.66,75,335.91,100,0,23,2024-05-06,0.04009,1.00000,0.00000,-0.02602,0.00000,1.24992
SPY250117C00190000,SPY,2025-01-17,190.00,call,332.17,329.97,328.86,75,331.08,100,0,16,2024-05-06,0.03948,1.00000,0.00000,-0.02673,0.00000,1.28371
SPY250117C00195000,SPY,2025-01-17,195.00,call,331.72,325.15,324.05,75,326.26,100,0,9,2024-05-06,0.03888,1.00000,0.00000,-0.02743,0.00000,1.31749
SPY250117C00200000,SPY,2025-01-17,200.00,call,301.42,320.34,319.25,75,321.43,100,0,109,2024-05-06,0.03827,1.00000,0.00000,-0.02813,0.00000,1.35127
SPY250117C00205000,SPY,2025-01-17,205.00,call,322.49,315.52,314.44,75,316.61,100,0,19,2024-05-06,0.03767,1.00000,0.00000,-0.02884,0.00000,1.38505
SPY250117C00210000,SPY,2025-01-17,210.00,call,305.94,310.71,309.64,75,311.78,100,0,16,2024-05-06,0.03706,1.00000,0.00000,-0.02954,0.00000,1.41883
SPY250117C00215000,SPY,2025-01-17,215.00,call,301.77,305.90,304.84,75,306.96,100,0,7,2024-05-06,0.03646,1.00000,0.00000,-0.03024,0.00000,1.45261
SPY250117C00220000,SPY,2025-01-17,220.00,call,306.00,301.09,300.04,75,302.14,100,0,3,2024-05-06,0.03585,1.00000,0.00000,-0.03095,0.00000,1.48640
SPY250117C00225000,SPY,2025-01-17,225.00,call,293.36,296.28,295.24,75,297.32,100,1,4,2024-05-06,0.03525,1.00000,0.00000,-0.03165,0.00000,1.52018
SPY250117C00230000,SPY,2025-01-17,230.00,call,272.73,291.48,290.45,75,292.50,100,0,25,2024-05-06,0.03465,1.00000,0.00000,-0.03235,0.00000,1.55396
SPY250117C00235000,SPY,2025-01-17,235.00,call,283.75,286.66,285.65,75,287.68,100,1,46,2024-05-06,0.03404,1.00000,0.00000,-0.03306,0.00000,1.58774
SPY250117C00240000,SPY,2025-01-17,240.00,call,264.34,281.87,280.86,75,282.87,100,0,8,2024-05-06,0.03344,1.00000,0.00000,-0.03376,0.00000,1.62152
SPY250117C00245000,SPY,2025-01-17,245.00,call,265.47,277.06,276.06,75,278.05,100,0,207,2024-05-06,0.03283,1.00000,0.00000,-0.03446,0.00000,1.65530
SPY250117C00250000,SPY,2025-01-17,250.00,call,252.00,272.25,271.27,75,273.24,100,0,242,2024-05-06,0.03223,1.00000,0.00000,-0.03517,0.00000,1.68909
SPY250117C00255000,SPY,2025-01-17,255.00,call,259.56,267.46,266.48,75,268.43,100,0,17,2024-05-06,0.03162,1.00000,0.00000,-0.03587,0.00000,1.72287
SPY250117C00260000,SPY,2025-01-17,260.00,call,254.75,262.65,261.69,75,263.62,100,0,75,2024-05-06,0.03102,1.00000,0.00000,-0.03657,0.00000,1.75665
SPY250117C00265000,SPY,2025-01-17,265.00,call,216.40,257.86,256.90,75,258.81,100,0,17,2024-05-06,0.03041,1.00000,0.00000,-0.03728,0.00000,1.79043
SPY250117C00270000,SPY,2025-01-17,270.00,call,241.93,253.06,252.12,75,254.01,100,0,45,2024-05-06,0.02981,1.00000,0.00000,-0.03798,0.00000,1.82421
SPY250117C00275000,SPY,2025-01-17,275.00,call,254.45,248.27,247.34,75,249.20,100,0,21,2024-05-06,0.02920,1.00000,0.00000,-0.03868,0.00000,1.85800
SPY250117C00280000,SPY,2025-01-17,280.00,call,230.80,243.48,242.55,75,244.40,100,0,28,2024-05-06,0.02860,1.00000,0.00000,-0.03939,0.00000,1.89178
SPY250117C00285000,SPY,2025-01-17,285.00,call,227.97,238.69,237.77,75,239.60,100,0,11,2024-05-06,0.02800,1.00000,0.00000,-0.04009,0.00000,1.92556
SPY250117C00290000,SPY,2025-01-17,290.00,call,223.79,233.90,233.00,75,234.80,100,0,15,2024-05-06,0.02739,1.00000,0.00000,-0.04079,0.00000,1.95934
SPY250117C00295000,SPY,2025-01-17,295.00,call,220.00,229.11,228.22,75,230.00,100,0,28,2024-05-06,0.02679,1.00000,0.00000,-0.04150,0.00000,1.99312
SPY250117C00300000,SPY,2025-01-17,300.00,call,222.72,224.33,223.45,75,225.21,100,1,498,2024-05-06,0.02618,1.00000,0.00000,-0.04220,0.00000,2.02690
SPY250117C00305000,SPY,2025-01-17,305.00,call,204.25,219.55,218.68,75,220.42,100,0,28,2024-05-06,0.02558,1.00000,0.00000,-0.04290,0.00000,2.06069
SPY250117C00310000,SPY,2025-01-17,310.00,call,221.26,214.77,213.91,75,215.63,100,0,25,2024-05-06,0.02497,1.00000,0.00000,-0.04361,0.00000,2.09447
SPY250117C00315000,SPY,2025-01-17,315.00,call,200.35,210.00,209.15,75,210.85,100,0,34,2024-05-06,0.02437,1.00000,0.00000,-0.04431,0.00000,2.12825
SPY250117C00320000,SPY,2025-01-17,320.00,call,201.73,205.23,204.39,75,206.07,100,0,140,2024-05-06,0.02376,1.00000,0.00000,-0.04501,0.00000,2.16203
SPY250117C00325000,SPY,2025-01-17,325.00,call,201.70,200.46,199.63,75,201.29,100,0,80,2024-05-06,0.02316,1.00000,0.00000,-0.04572,0.00000,2.19581
SPY250117C00330000,SPY,2025-01-17,330.00,call,201.80,195.69,194.88,75,196.51,100,0,97,2024-05-06,0.02256,1.00000,0.00000,-0.04642,0.00000,2.22959
SPY250117C00335000,SPY,2025-01-17,335.00,call,191.37,190.94,190.13,75,191.75,100,0,42,2024-05-06,0.02195,1.00000,0.00000,-0.04712,0.00000,2.26338
SPY250117C00340000,SPY,2025-01-17,340.00,call,168.00,186.19,185.39,75,186.98,100,0,226,2024-05-06,0.02135,1.00000,0.00000,-0.04783,0.00000,2.29716
SPY250117C00345000,SPY,2025-01-17,345.00,call,171.54,181.44,180.65,153,182.23,153,0,41,2024-05-06,0.02074,1.00000,0.00000,-0.04853,0.00000,2.33094
SPY250117C00350000,SPY,2025-01-17,350.00,call,171.59,176.70,175.92,153,177.48,153,0,1235,2024-05-06,0.02014,1.00000,0.00000,-0.04923,0.00000,2.36472
SPY250117C00355000,SPY,2025-01-17,355.00,call,174.89,171.98,171.21,153,172.75,153,0,34,2024-05-06,0.01953,1.00000,0.00000,-0.04994,0.00000,2.39850
SPY250117C00360000,SPY,2025-01-17,360.00,call,167.00,167.11,166.50,153,167.72,1,2,1058,2024-05-06,0.01893,1.00000,0.00000,-0.05064,0.00000,2.43228
SPY250117C00365000,SPY,2025-01-17,365.00,call,161.66,162.55,161.80,153,163.30,153,3,1234,2024-05-06,0.01832,1.00000,0.00000,-0.05134,0.00000,2.46607
SPY250117C00370000,SPY,2025-01-17,370.00,call,156.00,157.85,157.11,153,158.59,153,2,308,2024-05-06,0.01772,1.00000,0.00000,-0.05205,0.00000,2.49985
SPY250117C00375000,SPY,2025-01-17,375.00,call,136.98,153.16,152.43,153,153.89,153,0,394,2024-05-06,0.01712,1.00000,0.00000,-0.05275,0.00000,2.53363
SPY250117C00380000,SPY,2025-01-17,380.00,call,145.23,148.48,147.76,153,149.20,153,0,742,2024-05-06,0.01651,1.00000,0.00000,-0.05345,0.00000,2.56741
SPY250117C00385000,SPY,2025-01-17,385.00,call,141.10,143.81,143.10,153,144.52,153,1,506,2024-05-06,0.01591,1.00000,0.00000,-0.05416,0.00000,2.60119
SPY250117C00390000,SPY,2025-01-17,390.00,call,132.63,139.15,138.45,153,139.85,153,0,357,2024-05-06,0.01530,1.00000,0.00000,-0.05486,0.00000,2.63497
SPY250117C00395000,SPY,2025-01-17,395.00,call,136.80,134.50,133.81,153,135.19,153,0,289,2024-05-06,0.01470,1.00000,0.00000,-0.05556,0.00000,2.66876
SPY250117C00400000,SPY,2025-01-17,400.00,call,125.60,129.87,129.19,153,130.55,153,0,1849,2024-05-06,0.01409,1.00000,0.00000,-0.05627,0.00000,2.70254
SPY250117C00405000,SPY,2025-01-17,405.00,call,113.05,125.25,124.58,153,125.92,153,0,1160,2024-05-06,0.01349,1.00000,0.00000,-0.05697,0.00000,2.73632
SPY250117C00410000,SPY,2025-01-17,410.00,call,109.20,120.65,119.99,153,121.31,153,0,1305,2024-05-06,0.01288,1.00000,0.00000,-0.05767,0.00000,2.77010
SPY250117C00415000,SPY,2025-01-17,415.00,call,110.88,116.08,115.43,153,116.72,153,0,1572,2024-05-06,0.01228,1.00000,0.00000,-0.05838,0.00000,2.80388
SPY250117C00420000,SPY,2025-01-17,420.00,call,109.78,111.52,110.88,153,112.15,153,39,2710,2024-05-06,0.01167,1.00000,0.00000,-0.05908,0.00000,2.83767
SPY250117C00425000,SPY,2025-01-17,425.00,call,105.04,106.98,106.36,153,107.61,153,4,2436,2024-05-06,0.01107,1.00000,0.00000,-0.05978,0.00000,2.87145
SPY250117C00430000,SPY,2025-01-17,430.00,call,100.21,102.48,101.87,153,103.10,153,2,1674,2024-05-06,0.11160,0.99201,0.00045,-0.06193,0.09474,2.87535
SPY250117C00435000,SPY,2025-01-17,435.00,call,94.08,98.01,97.41,153,98.61,153,0,1573,2024-05-06,0.12791,0.97762,0.00096,-0.06519,0.23035,2.85458
SPY250117C00440000,SPY,2025-01-17,440.00,call,89.70,93.58,92.99,153,94.17,153,0,2886,2024-05-06,0.13523,0.96434,0.00134,-0.06804,0.33947,2.83753
SPY250117C00445000,SPY,2025-01-17,445.00,call,81.95,89.18,88.60,153,89.76,153,0,1362,2024-05-06,0.13934,0.95121,0.00168,-0.07064,0.43755,2.82083
SPY250117C00450000,SPY,2025-01-17,450.00,call,84.00,84.81,84.25,153,85.38,15,20,2439,2024-05-06,0.14163,0.93793,0.00200,-0.07301,0.52918,2.80338
SPY250117C00455000,SPY,2025-01-17,455.00,call,72.52,80.51,79.96,153,81.06,153,0,2365,2024-05-06,0.14346,0.92329,0.00232,-0.07535,0.62297,2.78046
SPY250117C00460000,SPY,2025-01-17,460.00,call,74.58,76.25,75.71,153,76.79,153,3,2186,2024-05-06,0.14422,0.90827,0.00264,-0.07745,0.71251,2.75594
SPY250117C00465000,SPY,2025-01-17,465.00,call,71.30,72.05,71.52,153,72.58,153,1,1800,2024-05-06,0.14452,0.89220,0.00296,-0.07941,0.80173,2.72720
SPY250117C00470000,SPY,2025-01-17,470.00,call,66.10,67.91,67.39,153,68.42,153,2,7097,2024-05-06,0.14452,0.87492,0.00329,-0.08123,0.89096,2.69358
SPY250117C00475000,SPY,2025-01-17,475.00,call,63.31,63.83,63.33,153,64.33,153,4,5451,2024-05-06,0.14407,0.85668,0.00363,-0.08283,0.97832,2.65610
SPY250117C00480000,SPY,2025-01-17,480.00,call,59.17,59.83,59.34,191,60.31,153,47,28826,2024-05-06,0.14346,0.83704,0.00397,-0.08425,1.06525,2.61299
SPY250117C00485000,SPY,2025-01-17,485.00,call,55.20,55.91,55.44,189,56.38,153,3,4834,2024-05-06,0.14254,0.81623,0.00431,-0.08542,1.14999,2.56514
SPY250117C00490000,SPY,2025-01-17,490.00,call,50.04,52.01,51.61,188,52.41,1,2,7949,2024-05-06,0.14102,0.79466,0.00466,-0.08624,1.23037,2.51432
SPY250117C00495000,SPY,2025-01-17,495.00,call,47.50,48.32,47.88,153,48.76,153,19,3616,2024-05-06,0.14026,0.77038,0.00500,-0.08701,1.31240,2.45225
SPY250117C00500000,SPY,2025-01-17,500.00,call,44.25,44.62,44.25,153,45.00,1,273,12119,2024-05-06,0.13858,0.74571,0.00535,-0.08728,1.38714,2.38878
SPY250117C00505000,SPY,2025-01-17,505.00,call,40.70,41.20,40.85,1,41.54,153,19,4849,2024-05-06,0.13797,0.71815,0.00566,-0.08752,1.46093,2.31293
SPY250117C00510000,SPY,2025-01-17,510.00,call,37.57,37.71,37.31,153,38.11,153,55,11211,2024-05-06,0.13599,0.69061,0.00599,-0.08709,1.52493,2.23766
SPY250117C00515000,SPY,2025-01-17,515.00,call,34.10,34.37,34.16,272,34.58,153,174,4910,2024-05-06,0.13416,0.66129,0.00630,-0.08634,1.58283,2.15486
SPY250117C00520000,SPY,2025-01-17,520.00,call,31.23,31.22,31.07,5,31.37,183,2375,12297,2024-05-06,0.13263,0.63025,0.00658,-0.08529,1.63307,2.06449
SPY250117C00525000,SPY,2025-01-17,525.00,call,28.21,28.21,28.10,152,28.33,312,105,10606,2024-05-06,0.13111,0.59791,0.00682,-0.08384,1.67365,1.96839
SPY250117C00530000,SPY,2025-01-17,530.00,call,25.33,25.36,25.28,115,25.43,48,34,11332,2024-05-06,0.12959,0.56444,0.00702,-0.08198,1.70333,1.86711
SPY250117C00535000,SPY,2025-01-17,535.00,call,22.14,22.62,22.55,227,22.70,101,225,1670,2024-05-06,0.12776,0.52999,0.00720,-0.07962,1.72101,1.76155
SPY250117C00540000,SPY,2025-01-17,540.00,call,20.00,20.07,20.00,147,20.14,59,50,7282,2024-05-06,0.12608,0.49471,0.00731,-0.07688,1.72574,1.65162
SPY250117C00545000,SPY,2025-01-17,545.00,call,17.20,17.68,17.61,312,17.75,36,34,3701,2024-05-06,0.12440,0.45885,0.00737,-0.07374,1.71670,1.53845
SPY250117C00550000,SPY,2025-01-17,550.00,call,14.93,15.47,15.40,533,15.54,136,59,16147,2024-05-06,0.12273,0.42269,0.00737,-0.07022,1.69338,1.42298
SPY250117C00555000,SPY,2025-01-17,555.00,call,12.96,13.45,13.38,214,13.51,324,54,3281,2024-05-06,0.12120,0.38671,0.00730,-0.06640,1.65582,1.30675
SPY250117C00560000,SPY,2025-01-17,560.00,call,11.63,11.60,11.54,525,11.66,219,230,4357,2024-05-06,0.11968,0.35111,0.00716,-0.06229,1.60424,1.19070
SPY250117C00565000,SPY,2025-01-17,565.00,call,9.92,9.94,9.88,348,9.99,173,26,1569,2024-05-06,0.11831,0.31645,0.00695,-0.05800,1.53983,1.07674
SPY250117C00570000,SPY,2025-01-17,570.00,call,8.50,8.46,8.41,361,8.50,101,23,3977,2024-05-06,0.11693,0.28286,0.00669,-0.05352,1.46344,0.96546
SPY250117C00575000,SPY,2025-01-17,575.00,call,7.11,7.14,7.10,632,7.19,101,8,2785,2024-05-06,0.11556,0.25061,0.00636,-0.04893,1.37652,0.85793
SPY250117C00580000,SPY,2025-01-17,580.00,call,5.98,6.01,5.97,304,6.05,279,55,3779,2024-05-06,0.11465,0.22098,0.00599,-0.04455,1.28421,0.75844
SPY250117C00585000,SPY,2025-01-17,585.00,call,4.70,5.02,4.98,532,5.06,491,2,1978,2024-05-06,0.11358,0.19290,0.00557,-0.04010,1.18492,0.66374
SPY250117C00590000,SPY,2025-01-17,590.00,call,4.15,4.17,4.14,970,4.21,357,17,4338,2024-05-06,0.11282,0.16756,0.00514,-0.03593,1.08465,0.57783
SPY250117C00595000,SPY,2025-01-17,595.00,call,3.23,3.46,3.42,482,3.50,543,37,591,2024-05-06,0.11221,0.14471,0.00469,-0.03199,0.98471,0.50002
SPY250117C00600000,SPY,2025-01-17,600.00,call,2.80,2.85,2.82,891,2.89,545,70,5727,2024-05-06,0.11160,0.12400,0.00424,-0.02824,0.88557,0.42926
SPY250117C00605000,SPY,2025-01-17,605.00,call,2.22,2.35,2.32,1302,2.39,1512,26,426,2024-05-06,0.11129,0.10607,0.00380,-0.02488,0.79246,0.36780
SPY250117C00610000,SPY,2025-01-17,610.00,call,1.87,1.94,1.91,1298,1.97,1396,2,958,2024-05-06,0.11114,0.09046,0.00339,-0.02185,0.70518,0.31410
SPY250117C00615000,SPY,2025-01-17,615.00,call,1.49,1.60,1.58,449,1.62,604,6,379,2024-05-06,0.11099,0.07668,0.00300,-0.01905,0.62284,0.26663
SPY250117C00620000,SPY,2025-01-17,620.00,call,1.27,1.32,1.30,493,1.34,776,8,1287,2024-05-06,0.11114,0.06519,0.00264,-0.01666,0.54974,0.22690
SPY250117C00625000,SPY,2025-01-17,625.00,call,0.99,1.09,1.07,1788,1.11,763,13,422,2024-05-06,0.11129,0.05518,0.00232,-0.01449,0.48246,0.19226
SPY250117C00630000,SPY,2025-01-17,630.00,call,0.87,0.91,0.88,1942,0.93,4092,14,7331,2024-05-06,0.11175,0.04698,0.00203,-0.01268,0.42451,0.16385
SPY250117C00635000,SPY,2025-01-17,635.00,call,0.67,0.76,0.74,1226,0.77,838,0,693,2024-05-06,0.11236,0.04012,0.00178,-0.01112,0.37374,0.14003
SPY250117C00640000,SPY,2025-01-17,640.00,call,0.61,0.64,0.62,774,0.65,2322,10,1042,2024-05-06,0.11297,0.03421,0.00155,-0.00973,0.32809,0.11948
SPY250117C00645000,SPY,2025-01-17,645.00,call,0.46,0.54,0.52,847,0.55,1976,0,128,2024-05-06,0.11373,0.02931,0.00136,-0.00855,0.28871,0.10241
SPY250117C00650000,SPY,2025-01-17,650.00,call,0.44,0.45,0.44,860,0.46,1,145,7737,2024-05-06,0.11434,0.02493,0.00118,-0.00745,0.25228,0.08717
SPY250117C00655000,SPY,2025-01-17,655.00,call,0.33,0.39,0.37,987,0.40,1994,0,148,2024-05-06,0.11556,0.02177,0.00104,-0.00666,0.22502,0.07612
SPY250117C00660000,SPY,2025-01-17,660.00,call,0.23,0.33,0.32,987,0.34,1567,0,103,2024-05-06,0.11632,0.01864,0.00091,-0.00584,0.19726,0.06520
SPY250117C00665000,SPY,2025-01-17,665.00,call,0.21,0.29,0.27,987,0.30,2024,0,291,2024-05-06,0.11770,0.01642,0.00080,-0.00527,0.17709,0.05747
SPY250117C00670000,SPY,2025-01-17,670.00,call,0.20,0.23,0.23,1097,0.24,5,0,10233,2024-05-06,0.11739,0.01335,0.00067,-0.00437,0.14817,0.04675
SPY250117C00675000,SPY,2025-01-17,675.00,call,0.18,0.21,0.20,1097,0.22,1650,0,226,2024-05-06,0.11937,0.01217,0.00061,-0.00407,0.13674,0.04260
SPY250117C00680000,SPY,2025-01-17,680.00,call,0.16,0.18,0.17,1175,0.20,2024,2,621,2024-05-06,0.12029,0.01052,0.00054,-0.00360,0.12052,0.03685
SPY250117C00685000,SPY,2025-01-17,685.00,call,0.11,0.16,0.15,987,0.17,1726,0,608,2024-05-06,0.12166,0.00934,0.00048,-0.00326,0.10859,0.03271
SPY250117C00690000,SPY,2025-01-17,690.00,call,0.11,0.14,0.13,1097,0.15,1713,0,185,2024-05-06,0.12273,0.00817,0.00042,-0.00291,0.09656,0.02861
SPY250117C00695000,SPY,2025-01-17,695.00,call,0.11,0.12,0.11,987,0.13,1494,0,179,2024-05-06,0.12364,0.00709,0.00037,-0.00258,0.08528,0.02485
SPY250117C00700000,SPY,2025-01-17,700.00,call,0.10,0.10,0.09,1207,0.10,7,132,14399,2024-05-06,0.12410,0.00600,0.00032,-0.00222,0.07356,0.02103
SPY250117C00705000,SPY,2025-01-17,705.00,call,0.08,0.09,0.08,1097,0.10,1097,0,489,2024-05-06,0.12547,0.00537,0.00028,-0.00202,0.06662,0.01881
SPY250117C00710000,SPY,2025-01-17,710.00,call,0.05,0.08,0.07,1097,0.09,1320,0,143,2024-05-06,0.12669,0.00477,0.00025,-0.00183,0.05995,0.01671
SPY250117C00715000,SPY,2025-01-17,715.00,call,0.08,0.07,0.06,1097,0.08,1143,0,337,2024-05-06,0.12776,0.00420,0.00022,-0.00164,0.05357,0.01473
SPY250117C00720000,SPY,2025-01-17,720.00,call,0.06,0.07,0.05,1543,0.08,1320,0,160,2024-05-06,0.13050,0.00413,0.00022,-0.00164,0.05272,0.01446
SPY250117C00725000,SPY,2025-01-17,725.00,call,0.06,0.06,0.05,1097,0.07,1320,0,128,2024-05-06,0.13111,0.00355,0.00019,-0.00144,0.04611,0.01246
SPY250117C00730000,SPY,2025-01-17,730.00,call,0.04,0.05,0.04,1520,0.06,987,301,59,2024-05-06,0.13141,0.00300,0.00016,-0.00124,0.03960,0.01052
SPY250117C00735000,SPY,2025-01-17,735.00,call,0.05,0.05,0.04,1097,0.06,1143,0,128,2024-05-06,0.13401,0.00295,0.00016,-0.00124,0.03900,0.01034
SPY250117C00740000,SPY,2025-01-17,740.00,call,0.03,0.04,0.03,1680,0.04,2,8,129,2024-05-06,0.13370,0.00240,0.00013,-0.00102,0.03235,0.00841
SPY250117C00745000,SPY,2025-01-17,745.00,call,0.04,0.04,0.03,1506,0.04,1,0,587,2024-05-06,0.13629,0.00238,0.00013,-0.00103,0.03206,0.00832
SPY250117C00750000,SPY,2025-01-17,750.00,call,0.03,0.04,0.03,1097,0.04,1,8,12,2024-05-06,0.13873,0.00233,0.00012,-0.00102,0.03153,0.00817
SPY250117C00755000,SPY,2025-01-17,755.00,call,0.02,0.03,0.02,1680,0.03,1,0,319,2024-05-06,0.13751,0.00179,0.00010,-0.00080,0.02478,0.00627
SPY250117C00760000,SPY,2025-01-17,760.00,call,0.03,0.03,0.02,1548,0.03,2,15,87,2024-05-06,0.13995,0.00177,0.00009,-0.00080,0.02453,0.00620
SPY250117C00765000,SPY,2025-01-17,765.00,call,0.03,0.03,0.02,1492,0.03,1,0,130,2024-05-06,0.14224,0.00173,0.00009,-0.00080,0.02409,0.00607
SPY250117C00770000,SPY,2025-01-17,770.00,call,0.02,0.03,0.02,1097,0.03,1,63,654,2024-05-06,0.14468,0.00172,0.00009,-0.00080,0.02391,0.00602
SPY250131C00360000,SPY,2025-01-31,360.00,call,0.00,167.99,167.03,50,168.95,50,0,0,2024-05-06,0.01795,1.00000,0.00000,-0.05054,0.00000,2.56006
SPY250131C00370000,SPY,2025-01-31,370.00,call,0.00,158.62,157.68,50,159.55,50,0,0,2024-05-06,0.01680,1.00000,0.00000,-0.05194,0.00000,2.63117
SPY250131C00380000,SPY,2025-01-31,380.00,call,0.00,149.28,148.37,50,150.19,50,0,0,2024-05-06,0.01566,1.00000,0.00000,-0.05335,0.00000,2.70229
SPY250131C00390000,SPY,2025-01-31,390.00,call,0.00,139.99,139.10,50,140.87,50,0,0,2024-05-06,0.01451,1.00000,0.00000,-0.05475,0.00000,2.77340
SPY250131C00400000,SPY,2025-01-31,400.00,call,0.00,130.75,129.89,50,131.60,50,0,0,2024-05-06,0.01336,1.00000,0.00000,-0.05615,0.00000,2.84451
SPY250131C00410000,SPY,2025-01-31,410.00,call,0.00,121.58,120.75,50,122.41,50,0,0,2024-05-06,0.01222,1.00000,0.00000,-0.05756,0.00000,2.91562
SPY250131C00420000,SPY,2025-01-31,420.00,call,0.00,112.49,111.69,50,113.29,50,0,0,2024-05-06,0.01107,1.00000,0.00000,-0.05896,0.00000,2.98674
SPY250131C00430000,SPY,2025-01-31,430.00,call,0.00,103.52,102.74,50,104.29,50,0,0,2024-05-06,0.12395,0.98398,0.00073,-0.06319,0.17807,2.99420
SPY250131C00440000,SPY,2025-01-31,440.00,call,0.00,94.66,93.91,50,95.40,50,0,0,2024-05-06,0.13873,0.95860,0.00144,-0.06860,0.39368,2.96277
SPY250131C00450000,SPY,2025-01-31,450.00,call,0.00,85.97,85.25,50,86.68,50,0,0,2024-05-06,0.14407,0.93236,0.00204,-0.07328,0.58098,2.92681
SPY250131C00455000,SPY,2025-01-31,455.00,call,0.00,81.68,80.98,50,82.38,50,0,0,2024-05-06,0.14513,0.91849,0.00234,-0.07536,0.66989,2.90556
SPY250131C00460000,SPY,2025-01-31,460.00,call,0.00,77.45,76.77,50,78.14,50,0,0,2024-05-06,0.14574,0.90363,0.00264,-0.07734,0.75890,2.88006
SPY250131C00461000,SPY,2025-01-31,461.00,call,0.00,76.61,75.93,50,77.29,50,0,0,2024-05-06,0.14590,0.90042,0.00270,-0.07774,0.77731,2.87397
SPY250131C00462000,SPY,2025-01-31,462.00,call,0.00,75.78,75.10,50,76.45,50,0,0,2024-05-06,0.14605,0.89715,0.00276,-0.07813,0.79582,2.86762
SPY250131C00463000,SPY,2025-01-31,463.00,call,0.00,74.94,74.27,50,75.62,50,0,0,2024-05-06,0.14605,0.89404,0.00282,-0.07849,0.81323,2.86190
SPY250131C00464000,SPY,2025-01-31,464.00,call,0.00,74.11,73.44,50,74.78,50,0,0,2024-05-06,0.14605,0.89086,0.00288,-0.07885,0.83073,2.85593
SPY250131C00465000,SPY,2025-01-31,465.00,call,0.00,73.28,72.61,100,73.95,100,0,0,2024-05-06,0.14605,0.88762,0.00294,-0.07920,0.84832,2.84969
SPY250131C00466000,SPY,2025-01-31,466.00,call,0.00,72.46,71.79,100,73.12,100,0,0,2024-05-06,0.14605,0.88432,0.00300,-0.07955,0.86599,2.84320
SPY250131C00467000,SPY,2025-01-31,467.00,call,0.00,71.63,70.97,100,72.29,100,0,0,2024-05-06,0.14605,0.88096,0.00307,-0.07989,0.88373,2.83645
SPY250131C00468000,SPY,2025-01-31,468.00,call,0.00,70.81,70.15,100,71.46,100,0,0,2024-05-06,0.14605,0.87754,0.00313,-0.08024,0.90153,2.82943
SPY250131C00469000,SPY,2025-01-31,469.00,call,0.00,69.98,69.33,100,70.64,100,0,0,2024-05-06,0.14590,0.87428,0.00319,-0.08054,0.91827,2.82311
SPY250131C00470000,SPY,2025-01-31,470.00,call,0.00,69.17,68.52,100,69.82,100,0,0,2024-05-06,0.14590,0.87074,0.00325,-0.08088,0.93618,2.81557
SPY250131C00471000,SPY,2025-01-31,471.00,call,0.00,68.35,67.70,100,69.00,100,0,0,2024-05-06,0.14574,0.86735,0.00331,-0.08117,0.95304,2.80874
SPY250131C00472000,SPY,2025-01-31,472.00,call,0.00,67.54,66.90,100,68.18,100,0,0,2024-05-06,0.14574,0.86369,0.00338,-0.08150,0.97103,2.80068
SPY250131C00473000,SPY,2025-01-31,473.00,call,0.00,66.73,66.09,100,67.37,100,0,0,2024-05-06,0.14559,0.86019,0.00344,-0.08178,0.98798,2.79333
SPY250131C00474000,SPY,2025-01-31,474.00,call,0.00,65.93,65.29,100,66.56,100,0,0,2024-05-06,0.14559,0.85640,0.00350,-0.08210,1.00601,2.78476
SPY250131C00475000,SPY,2025-01-31,475.00,call,0.00,65.12,64.49,100,65.75,100,0,0,2024-05-06,0.14544,0.85278,0.00356,-0.08237,1.02301,2.77689
SPY250131C00476000,SPY,2025-01-31,476.00,call,0.00,64.32,63.69,112,64.95,100,0,0,2024-05-06,0.14529,0.84910,0.00363,-0.08264,1.04004,2.76877
SPY250131C00477000,SPY,2025-01-31,477.00,call,0.00,63.52,62.89,112,64.15,100,0,0,2024-05-06,0.14513,0.84536,0.00369,-0.08290,1.05708,2.76039
SPY250131C00478000,SPY,2025-01-31,478.00,call,0.00,62.73,62.10,112,63.35,100,0,0,2024-05-06,0.14498,0.84155,0.00375,-0.08316,1.07412,2.75175
SPY250131C00479000,SPY,2025-01-31,479.00,call,0.00,61.93,61.31,112,62.55,100,0,0,2024-05-06,0.14483,0.83769,0.00382,-0.08341,1.09117,2.74285
SPY250131C00480000,SPY,2025-01-31,480.00,call,0.00,61.14,60.53,112,61.76,100,0,0,2024-05-06,0.14468,0.83377,0.00388,-0.08366,1.10820,2.73369
SPY250131C00481000,SPY,2025-01-31,481.00,call,0.00,60.36,59.74,112,60.97,100,0,0,2024-05-06,0.14452,0.82978,0.00394,-0.08389,1.12522,2.72427
SPY250131C00482000,SPY,2025-01-31,482.00,call,0.00,59.57,58.96,112,60.18,100,0,0,2024-05-06,0.14437,0.82574,0.00401,-0.08413,1.14220,2.71459
SPY250131C00483000,SPY,2025-01-31,483.00,call,0.00,58.80,58.19,112,59.40,100,0,0,2024-05-06,0.14422,0.82163,0.00407,-0.08435,1.15916,2.70465
SPY250131C00484000,SPY,2025-01-31,484.00,call,0.00,58.02,57.41,112,58.62,100,0,0,2024-05-06,0.14391,0.81769,0.00414,-0.08453,1.17518,2.69542
SPY250131C00485000,SPY,2025-01-31,485.00,call,0.00,57.24,56.64,112,57.84,100,0,0,2024-05-06,0.14376,0.81346,0.00420,-0.08474,1.19205,2.68496
SPY250131C00486000,SPY,2025-01-31,486.00,call,0.00,56.48,55.88,112,57.07,100,0,0,2024-05-06,0.14361,0.80917,0.00426,-0.08494,1.20886,2.67423
SPY250131C00487000,SPY,2025-01-31,487.00,call,0.00,55.70,55.11,112,56.30,100,0,0,2024-05-06,0.14330,0.80504,0.00433,-0.08510,1.22477,2.66421
SPY250131C00488000,SPY,2025-01-31,488.00,call,0.00,54.94,54.35,112,55.53,100,0,0,2024-05-06,0.14315,0.80064,0.00439,-0.08528,1.24145,2.65297
SPY250131C00489000,SPY,2025-01-31,489.00,call,0.00,54.19,53.60,100,54.77,100,0,0,2024-05-06,0.14300,0.79617,0.00446,-0.08546,1.25804,2.64146
SPY250131C00490000,SPY,2025-01-31,490.00,call,0.00,53.42,52.84,112,54.01,100,0,0,2024-05-06,0.14269,0.79186,0.00452,-0.08559,1.27376,2.63065
SPY250131C00491000,SPY,2025-01-31,491.00,call,0.00,52.67,52.09,112,53.25,100,0,0,2024-05-06,0.14239,0.78748,0.00459,-0.08571,1.28942,2.61957
SPY250131C00492000,SPY,2025-01-31,492.00,call,0.00,51.92,51.35,112,52.50,100,0,0,2024-05-06,0.14224,0.78284,0.00465,-0.08586,1.30572,2.60728
SPY250131C00493000,SPY,2025-01-31,493.00,call,0.00,51.17,50.60,112,51.75,100,0,0,2024-05-06,0.14193,0.77834,0.00472,-0.08597,1.32119,2.59567
SPY250131C00494000,SPY,2025-01-31,494.00,call,0.00,50.44,49.87,112,51.00,100,0,0,2024-05-06,0.14178,0.77357,0.00478,-0.08610,1.33725,2.58286
SPY250131C00495000,SPY,2025-01-31,495.00,call,0.00,49.70,49.13,112,50.26,100,0,0,2024-05-06,0.14148,0.76895,0.00484,-0.08618,1.35250,2.57072
SPY250131C00496000,SPY,2025-01-31,496.00,call,0.00,48.96,48.40,112,49.52,100,0,0,2024-05-06,0.14117,0.76427,0.00491,-0.08626,1.36764,2.55831
SPY250131C00497000,SPY,2025-01-31,497.00,call,0.00,48.23,47.67,112,48.79,100,0,0,2024-05-06,0.14102,0.75933,0.00497,-0.08636,1.38327,2.54473
SPY250131C00498000,SPY,2025-01-31,498.00,call,0.00,47.51,46.95,112,48.06,100,0,0,2024-05-06,0.14071,0.75453,0.00503,-0.08641,1.39814,2.53179
SPY250131C00499000,SPY,2025-01-31,499.00,call,0.00,46.78,46.23,112,47.33,100,0,0,2024-05-06,0.14041,0.74966,0.00510,-0.08646,1.41286,2.51858
SPY250131C00500000,SPY,2025-01-31,500.00,call,0.00,46.06,45.51,112,46.61,100,0,0,2024-05-06,0.14010,0.74474,0.00516,-0.08649,1.42743,2.50510
SPY250131C00501000,SPY,2025-01-31,501.00,call,0.00,45.34,44.80,112,45.89,100,0,0,2024-05-06,0.13980,0.73975,0.00522,-0.08651,1.44184,2.49136
SPY250131C00502000,SPY,2025-01-31,502.00,call,0.00,44.64,44.10,112,45.18,100,0,0,2024-05-06,0.13965,0.73452,0.00528,-0.08656,1.45658,2.47650
SPY250131C00503000,SPY,2025-01-31,503.00,call,0.00,43.93,43.39,112,44.47,100,0,0,2024-05-06,0.13934,0.72941,0.00535,-0.08655,1.47061,2.46223
SPY250131C00504000,SPY,2025-01-31,504.00,call,0.00,43.23,42.70,112,43.76,100,0,0,2024-05-06,0.13904,0.72425,0.00541,-0.08654,1.48446,2.44770
SPY250131C00505000,SPY,2025-01-31,505.00,call,0.00,42.53,42.00,112,43.06,100,0,0,2024-05-06,0.13873,0.71902,0.00547,-0.08652,1.49810,2.43291
SPY250131C00506000,SPY,2025-01-31,506.00,call,0.00,41.84,41.31,300,42.36,300,0,0,2024-05-06,0.13843,0.71374,0.00553,-0.08648,1.51153,2.41786
SPY250131C00507000,SPY,2025-01-31,507.00,call,0.00,41.15,40.63,300,41.67,300,0,0,2024-05-06,0.13812,0.70840,0.00559,-0.08643,1.52474,2.40254
SPY250131C00508000,SPY,2025-01-31,508.00,call,0.00,40.47,39.95,300,40.98,300,0,0,2024-05-06,0.13782,0.70299,0.00565,-0.08637,1.53772,2.38696
SPY250131C00509000,SPY,2025-01-31,509.00,call,0.00,39.78,39.27,300,40.30,300,0,0,2024-05-06,0.13751,0.69753,0.00571,-0.08629,1.55046,2.37113
SPY250131C00510000,SPY,2025-01-31,510.00,call,38.47,39.11,38.60,300,39.62,300,1,0,2024-05-06,0.13721,0.69202,0.00577,-0.08620,1.56295,2.35504
SPY250131C00511000,SPY,2025-01-31,511.00,call,0.00,38.43,37.93,363,38.93,348,0,0,2024-05-06,0.13690,0.68644,0.00583,-0.08610,1.57517,2.33869
SPY250131C00512000,SPY,2025-01-31,512.00,call,0.00,37.77,37.27,362,38.26,347,0,0,2024-05-06,0.13660,0.68081,0.00589,-0.08599,1.58713,2.32209
SPY250131C00513000,SPY,2025-01-31,513.00,call,0.00,37.11,36.61,348,37.60,348,0,0,2024-05-06,0.13629,0.67513,0.00594,-0.08586,1.59880,2.30524
SPY250131C00514000,SPY,2025-01-31,514.00,call,0.00,36.47,36.00,350,36.94,348,0,0,2024-05-06,0.13599,0.66939,0.00600,-0.08572,1.61018,2.28814
SPY250131C00515000,SPY,2025-01-31,515.00,call,35.50,35.80,35.33,349,36.28,348,2,0,2024-05-06,0.13553,0.66372,0.00606,-0.08552,1.62102,2.27145
SPY250131C00516000,SPY,2025-01-31,516.00,call,0.00,35.15,34.67,363,35.63,348,0,0,2024-05-06,0.13523,0.65787,0.00611,-0.08536,1.63180,2.25384
SPY250131C00517000,SPY,2025-01-31,517.00,call,0.00,34.55,34.10,343,34.99,348,0,0,2024-05-06,0.13523,0.65173,0.00615,-0.08525,1.64266,2.23475
SPY250131C00518000,SPY,2025-01-31,518.00,call,0.00,33.88,33.40,363,34.35,348,0,0,2024-05-06,0.13462,0.64600,0.00622,-0.08498,1.65239,2.21790
SPY250131C00519000,SPY,2025-01-31,519.00,call,0.00,33.25,32.79,363,33.72,348,0,0,2024-05-06,0.13431,0.63999,0.00627,-0.08476,1.66217,2.19957
SPY250131C00520000,SPY,2025-01-31,520.00,call,0.00,32.62,32.16,362,33.09,348,0,0,2024-05-06,0.13401,0.63394,0.00632,-0.08454,1.67160,2.18101
SPY250131C00521000,SPY,2025-01-31,521.00,call,0.00,32.03,31.60,362,32.46,348,0,0,2024-05-06,0.13385,0.62774,0.00636,-0.08434,1.68080,2.16169
SPY250131C00522000,SPY,2025-01-31,522.00,call,0.00,31.39,30.92,363,31.85,348,0,0,2024-05-06,0.13324,0.62176,0.00642,-0.08400,1.68925,2.14373
SPY250131C00523000,SPY,2025-01-31,523.00,call,0.00,30.80,30.38,362,31.23,348,0,0,2024-05-06,0.13309,0.61547,0.00646,-0.08377,1.69768,2.12397
SPY250131C00524000,SPY,2025-01-31,524.00,call,0.00,30.17,29.72,363,30.63,348,0,0,2024-05-06,0.13263,0.60929,0.00651,-0.08344,1.70552,2.10499
SPY250131C00525000,SPY,2025-01-31,525.00,call,0.00,29.58,29.12,354,30.03,356,0,0,2024-05-06,0.13233,0.60299,0.00656,-0.08314,1.71305,2.08529
SPY250131C00526000,SPY,2025-01-31,526.00,call,0.00,28.98,28.53,445,29.43,421,0,0,2024-05-06,0.13187,0.59671,0.00661,-0.08279,1.72012,2.06581
SPY250131C00527000,SPY,2025-01-31,527.00,call,0.00,28.39,27.95,396,28.84,428,0,0,2024-05-06,0.13157,0.59031,0.00665,-0.08246,1.72684,2.04567
SPY250131C00528000,SPY,2025-01-31,528.00,call,0.00,27.82,27.38,433,28.26,421,0,0,2024-05-06,0.13126,0.58388,0.00669,-0.08211,1.73313,2.02533
SPY250131C00529000,SPY,2025-01-31,529.00,call,0.00,27.24,26.80,445,27.68,421,0,0,2024-05-06,0.13096,0.57741,0.00673,-0.08175,1.73898,2.00480
SPY250131C00530000,SPY,2025-01-31,530.00,call,0.00,26.67,26.24,354,27.11,356,0,0,2024-05-06,0.13050,0.57092,0.00677,-0.08133,1.74437,1.98438
SPY250131C00531000,SPY,2025-01-31,531.00,call,0.00,26.11,25.68,354,26.54,356,0,0,2024-05-06,0.13020,0.56437,0.00681,-0.08094,1.74933,1.96344
SPY250131C00532000,SPY,2025-01-31,532.00,call,0.00,25.55,25.12,444,25.98,411,0,0,2024-05-06,0.12989,0.55777,0.00684,-0.08053,1.75384,1.94232
SPY250131C00533000,SPY,2025-01-31,533.00,call,0.00,25.01,24.59,74,25.42,51,0,0,2024-05-06,0.12959,0.55114,0.00687,-0.08011,1.75787,1.92101
SPY250131C00534000,SPY,2025-01-31,534.00,call,0.00,24.46,24.05,79,24.87,51,0,0,2024-05-06,0.12913,0.54448,0.00691,-0.07962,1.76142,1.89974
SPY250131C00535000,SPY,2025-01-31,535.00,call,0.00,23.92,23.51,33,24.33,51,0,0,2024-05-06,0.12882,0.53778,0.00694,-0.07917,1.76450,1.87807
SPY250131C00536000,SPY,2025-01-31,536.00,call,0.00,23.39,22.99,41,23.79,51,0,0,2024-05-06,0.12852,0.53105,0.00697,-0.07870,1.76708,1.85624
SPY250131C00540000,SPY,2025-01-31,540.00,call,0.00,21.32,20.92,912,21.72,910,0,0,2024-05-06,0.12715,0.50382,0.00706,-0.07662,1.77237,1.76746
SPY250131C00550000,SPY,2025-01-31,550.00,call,0.00,16.63,16.27,41,17.00,901,0,0,2024-05-06,0.12379,0.43431,0.00715,-0.07041,1.74837,1.53653
SPY250131C00560000,SPY,2025-01-31,560.00,call,12.66,12.64,12.30,920,12.97,52,155,0,2024-05-06,0.12059,0.36455,0.00701,-0.06293,1.66928,1.29959
SPY250131C00570000,SPY,2025-01-31,570.00,call,0.00,9.36,9.05,101,9.66,1369,0,0,2024-05-06,0.11785,0.29757,0.00662,-0.05467,1.53906,1.06786
SPY250131C00580000,SPY,2025-01-31,580.00,call,0.00,6.76,6.48,101,7.03,115,0,0,2024-05-06,0.11556,0.23611,0.00600,-0.04612,1.36885,0.85213
SPY250131C00590000,SPY,2025-01-31,590.00,call,0.00,4.78,4.52,101,5.03,117,0,0,2024-05-06,0.11358,0.18190,0.00523,-0.03771,1.17352,0.65977
SPY250131C00600000,SPY,2025-01-31,600.00,call,0.00,3.31,3.07,1367,3.55,120,0,0,2024-05-06,0.11221,0.13685,0.00440,-0.03007,0.97366,0.49840
SPY250131C00610000,SPY,2025-01-31,610.00,call,0.00,2.27,2.05,1845,2.50,1863,0,0,2024-05-06,0.11129,0.10079,0.00357,-0.02343,0.78422,0.36834
SPY250321C00180000,SPY,2025-03-21,180.00,call,342.72,340.53,339.11,100,341.96,100,0,21,2024-05-06,0.03268,1.00000,0.00000,-0.02509,0.00000,1.50155
SPY250321C00185000,SPY,2025-03-21,185.00,call,228.50,335.78,334.37,100,337.20,100,0,18,2024-05-06,0.03219,1.00000,0.00000,-0.02579,0.00000,1.54326
SPY250321C00190000,SPY,2025-03-21,190.00,call,328.55,331.04,329.64,100,332.44,100,0,18,2024-05-06,0.03171,1.00000,0.00000,-0.02648,0.00000,1.58497
SPY250321C00195000,SPY,2025-03-21,195.00,call,333.94,326.29,324.90,100,327.68,100,0,2,2024-05-06,0.03122,1.00000,0.00000,-0.02718,0.00000,1.62668
SPY250321C00200000,SPY,2025-03-21,200.00,call,329.26,321.55,320.17,100,322.92,100,0,93,2024-05-06,0.03074,1.00000,0.00000,-0.02788,0.00000,1.66839
SPY250321C00205000,SPY,2025-03-21,205.00,call,300.40,316.80,315.44,100,318.16,100,0,27,2024-05-06,0.03025,1.00000,0.00000,-0.02857,0.00000,1.71010
SPY250321C00210000,SPY,2025-03-21,210.00,call,312.66,312.05,310.71,100,313.40,100,0,4,2024-05-06,0.02977,1.00000,0.00000,-0.02927,0.00000,1.75181
SPY250321C00215000,SPY,2025-03-21,215.00,call,244.50,307.31,305.98,100,308.65,100,0,2,2024-05-06,0.02928,1.00000,0.00000,-0.02997,0.00000,1.79352
SPY250321C00220000,SPY,2025-03-21,220.00,call,230.50,302.57,301.25,100,303.89,100,0,4,2024-05-06,0.02880,1.00000,0.00000,-0.03066,0.00000,1.83523
SPY250321C00225000,SPY,2025-03-21,225.00,call,254.38,297.83,296.53,100,299.14,100,0,4,2024-05-06,0.02831,1.00000,0.00000,-0.03136,0.00000,1.87694
SPY250321C00230000,SPY,2025-03-21,230.00,call,293.62,293.10,291.80,100,294.39,100,0,232,2024-05-06,0.02782,1.00000,0.00000,-0.03206,0.00000,1.91865
SPY250321C00235000,SPY,2025-03-21,235.00,call,273.14,288.36,287.08,100,289.64,100,0,2,2024-05-06,0.02734,1.00000,0.00000,-0.03275,0.00000,1.96036
SPY250321C00240000,SPY,2025-03-21,240.00,call,228.00,283.62,282.36,100,284.89,100,0,18,2024-05-06,0.02685,1.00000,0.00000,-0.03345,0.00000,2.00207
SPY250321C00245000,SPY,2025-03-21,245.00,call,272.10,278.89,277.64,100,280.14,100,0,5,2024-05-06,0.02637,1.00000,0.00000,-0.03415,0.00000,2.04378
SPY250321C00250000,SPY,2025-03-21,250.00,call,278.67,274.16,272.92,100,275.40,100,0,156,2024-05-06,0.02588,1.00000,0.00000,-0.03485,0.00000,2.08549
SPY250321C00255000,SPY,2025-03-21,255.00,call,271.00,269.43,268.20,100,270.66,100,0,23,2024-05-06,0.02540,1.00000,0.00000,-0.03554,0.00000,2.12720
SPY250321C00260000,SPY,2025-03-21,260.00,call,253.10,264.70,263.49,100,265.91,100,0,96,2024-05-06,0.02491,1.00000,0.00000,-0.03624,0.00000,2.16891
SPY250321C00265000,SPY,2025-03-21,265.00,call,192.50,259.97,258.77,100,261.17,100,0,1,2024-05-06,0.02443,1.00000,0.00000,-0.03694,0.00000,2.21061
SPY250321C00270000,SPY,2025-03-21,270.00,call,251.88,255.25,254.06,100,256.44,100,0,6,2024-05-06,0.02394,1.00000,0.00000,-0.03763,0.00000,2.25232
SPY250321C00275000,SPY,2025-03-21,275.00,call,191.55,250.52,249.35,100,251.70,100,0,1,2024-05-06,0.02346,1.00000,0.00000,-0.03833,0.00000,2.29403
SPY250321C00280000,SPY,2025-03-21,280.00,call,190.55,245.81,244.65,100,246.97,100,0,11,2024-05-06,0.02297,1.00000,0.00000,-0.03903,0.00000,2.33574
SPY250321C00285000,SPY,2025-03-21,285.00,call,182.59,241.09,239.94,100,242.24,100,0,12,2024-05-06,0.02248,1.00000,0.00000,-0.03972,0.00000,2.37745
SPY250321C00290000,SPY,2025-03-21,290.00,call,178.06,236.38,235.24,100,237.51,100,0,3,2024-05-06,0.02200,1.00000,0.00000,-0.04042,0.00000,2.41916
SPY250321C00295000,SPY,2025-03-21,295.00,call,144.84,231.66,230.54,100,232.78,100,0,2,2024-05-06,0.02151,1.00000,0.00000,-0.04112,0.00000,2.46087
SPY250321C00300000,SPY,2025-03-21,300.00,call,213.36,226.95,225.84,100,228.06,100,0,342,2024-05-06,0.02103,1.00000,0.00000,-0.04181,0.00000,2.50258
SPY250321C00305000,SPY,2025-03-21,305.00,call,209.10,222.25,221.15,100,223.34,100,0,14,2024-05-06,0.02054,1.00000,0.00000,-0.04251,0.00000,2.54429
SPY250321C00310000,SPY,2025-03-21,310.00,call,199.21,217.54,216.46,100,218.62,100,0,15,2024-05-06,0.02006,1.00000,0.00000,-0.04321,0.00000,2.58600
SPY250321C00315000,SPY,2025-03-21,315.00,call,203.54,212.84,211.78,100,213.91,100,0,11,2024-05-06,0.01957,1.00000,0.00000,-0.04391,0.00000,2.62771
SPY250321C00320000,SPY,2025-03-21,320.00,call,206.07,208.14,207.09,100,209.20,100,0,25,2024-05-06,0.01909,1.00000,0.00000,-0.04460,0.00000,2.66942
SPY250321C00325000,SPY,2025-03-21,325.00,call,190.14,203.46,202.42,100,204.50,100,0,84,2024-05-06,0.01860,1.00000,0.00000,-0.04530,0.00000,2.71113
SPY250321C00330000,SPY,2025-03-21,330.00,call,187.41,198.77,197.74,100,199.80,100,0,11,2024-05-06,0.01811,1.00000,0.00000,-0.04600,0.00000,2.75284
SPY250321C00335000,SPY,2025-03-21,335.00,call,194.91,194.10,193.08,100,195.11,100,0,121,2024-05-06,0.01763,1.00000,0.00000,-0.04669,0.00000,2.79455
SPY250321C00340000,SPY,2025-03-21,340.00,call,177.75,189.42,188.42,100,190.42,100,0,27,2024-05-06,0.01714,1.00000,0.00000,-0.04739,0.00000,2.83626
SPY250321C00345000,SPY,2025-03-21,345.00,call,149.84,184.75,183.76,100,185.74,100,0,8,2024-05-06,0.01666,1.00000,0.00000,-0.04809,0.00000,2.87797
SPY250321C00350000,SPY,2025-03-21,350.00,call,173.10,180.09,179.11,100,181.06,100,0,247,2024-05-06,0.01617,1.00000,0.00000,-0.04878,0.00000,2.91968
SPY250321C00355000,SPY,2025-03-21,355.00,call,169.07,175.44,174.47,100,176.40,100,0,673,2024-05-06,0.01569,1.00000,0.00000,-0.04948,0.00000,2.96139
SPY250321C00360000,SPY,2025-03-21,360.00,call,173.83,170.79,169.84,100,171.74,100,0,27,2024-05-06,0.01520,1.00000,0.00000,-0.05018,0.00000,3.00310
SPY250321C00365000,SPY,2025-03-21,365.00,call,148.00,166.15,165.21,100,167.09,100,0,113,2024-05-06,0.01472,1.00000,0.00000,-0.05087,0.00000,3.04481
SPY250321C00370000,SPY,2025-03-21,370.00,call,151.74,161.52,160.60,100,162.45,100,0,313,2024-05-06,0.01423,1.00000,0.00000,-0.05157,0.00000,3.08652
SPY250321C00375000,SPY,2025-03-21,375.00,call,153.80,156.91,155.99,100,157.82,100,0,390,2024-05-06,0.01375,1.00000,0.00000,-0.05227,0.00000,3.12823
SPY250321C00380000,SPY,2025-03-21,380.00,call,142.65,152.30,151.40,100,153.20,100,0,1204,2024-05-06,0.01326,1.00000,0.00000,-0.05296,0.00000,3.16994
SPY250321C00385000,SPY,2025-03-21,385.00,call,156.30,147.70,146.82,100,148.59,100,0,632,2024-05-06,0.01277,1.00000,0.00000,-0.05366,0.00000,3.21165
SPY250321C00390000,SPY,2025-03-21,390.00,call,137.94,143.13,142.26,100,144.00,100,0,109,2024-05-06,0.01229,1.00000,0.00000,-0.05436,0.00000,3.25336
SPY250321C00395000,SPY,2025-03-21,395.00,call,122.92,138.57,137.71,100,139.43,100,0,110,2024-05-06,0.01180,1.00000,0.00000,-0.05506,0.00000,3.29507
SPY250321C00400000,SPY,2025-03-21,400.00,call,129.20,134.03,133.18,100,134.87,100,0,723,2024-05-06,0.01132,1.00000,0.00000,-0.05575,0.00000,3.33678
SPY250321C00405000,SPY,2025-03-21,405.00,call,114.00,129.50,128.67,100,130.33,100,0,32,2024-05-06,0.01083,1.00000,0.00000,-0.05645,0.00000,3.37849
SPY250321C00410000,SPY,2025-03-21,410.00,call,118.64,125.00,124.18,100,125.82,100,0,142,2024-05-06,0.01035,1.00000,0.00000,-0.05715,0.00000,3.42020
SPY250321C00415000,SPY,2025-03-21,415.00,call,114.63,120.52,119.72,100,121.32,100,0,91,2024-05-06,0.10809,0.99630,0.00021,-0.05846,0.05339,3.44465
SPY250321C00420000,SPY,2025-03-21,420.00,call,114.41,116.07,115.28,100,116.86,100,1,429,2024-05-06,0.13065,0.98369,0.00064,-0.06128,0.19646,3.42665
SPY250321C00425000,SPY,2025-03-21,425.00,call,98.38,111.65,110.87,100,112.42,100,0,2204,2024-05-06,0.13934,0.97261,0.00094,-0.06372,0.30464,3.41521
SPY250321C00430000,SPY,2025-03-21,430.00,call,102.30,107.25,106.49,100,108.01,100,0,827,2024-05-06,0.14407,0.96206,0.00119,-0.06591,0.39861,3.40604
SPY250321C00435000,SPY,2025-03-21,435.00,call,94.28,102.89,102.15,100,103.63,100,0,444,2024-05-06,0.14712,0.95125,0.00142,-0.06799,0.48810,3.39538
SPY250321C00440000,SPY,2025-03-21,440.00,call,94.01,98.57,97.84,100,99.30,100,0,703,2024-05-06,0.14925,0.93984,0.00166,-0.06999,0.57644,3.38163
SPY250321C00445000,SPY,2025-03-21,445.00,call,82.49,94.28,93.57,100,95.00,100,0,527,2024-05-06,0.15047,0.92809,0.00189,-0.07185,0.66198,3.36601
SPY250321C00450000,SPY,2025-03-21,450.00,call,88.08,90.04,89.34,100,90.74,100,5,415,2024-05-06,0.15123,0.91559,0.00212,-0.07364,0.74756,3.34663
SPY250321C00455000,SPY,2025-03-21,455.00,call,74.58,85.85,85.17,100,86.53,100,0,390,2024-05-06,0.15154,0.90243,0.00236,-0.07531,0.83241,3.32387
SPY250321C00460000,SPY,2025-03-21,460.00,call,77.28,81.71,81.04,100,82.37,100,0,302,2024-05-06,0.15154,0.88846,0.00260,-0.07687,0.91717,3.29698
SPY250321C00465000,SPY,2025-03-21,465.00,call,77.06,77.61,76.96,100,78.27,100,11,386,2024-05-06,0.15108,0.87391,0.00284,-0.07827,1.00014,3.26718
SPY250321C00470000,SPY,2025-03-21,470.00,call,73.01,73.59,72.95,100,74.22,100,2,686,2024-05-06,0.15077,0.85797,0.00309,-0.07962,1.08543,3.23023
SPY250321C00475000,SPY,2025-03-21,475.00,call,67.37,69.61,68.99,135,70.23,100,1,745,2024-05-06,0.14986,0.84168,0.00334,-0.08074,1.16691,3.19157
SPY250321C00480000,SPY,2025-03-21,480.00,call,54.80,65.70,65.10,100,66.31,100,0,688,2024-05-06,0.14894,0.82420,0.00359,-0.08172,1.24848,3.14680
SPY250321C00485000,SPY,2025-03-21,485.00,call,61.24,61.87,61.28,100,62.45,100,1,565,2024-05-06,0.14803,0.80552,0.00385,-0.08257,1.32932,3.09585
SPY250321C00490000,SPY,2025-03-21,490.00,call,56.25,58.11,57.54,100,58.67,100,1,2050,2024-05-06,0.14681,0.78605,0.00411,-0.08319,1.40706,3.04087
SPY250321C00495000,SPY,2025-03-21,495.00,call,53.84,54.42,53.87,100,54.97,100,172,1242,2024-05-06,0.14544,0.76556,0.00437,-0.08359,1.48208,2.98068
SPY250321C00500000,SPY,2025-03-21,500.00,call,49.45,50.83,50.29,100,51.36,100,2,1216,2024-05-06,0.14422,0.74368,0.00462,-0.08382,1.55490,2.91315
SPY250321C00505000,SPY,2025-03-21,505.00,call,45.62,47.31,46.79,100,47.83,100,6,1077,2024-05-06,0.14269,0.72096,0.00488,-0.08377,1.62292,2.84134
SPY250321C00510000,SPY,2025-03-21,510.00,call,44.02,43.89,43.39,100,44.40,100,503,1946,2024-05-06,0.14102,0.69720,0.00513,-0.08345,1.68613,2.76410
SPY250321C00515000,SPY,2025-03-21,515.00,call,40.61,40.64,40.45,211,40.83,170,515,2648,2024-05-06,0.13980,0.67186,0.00535,-0.08298,1.74492,2.67811
SPY250321C00520000,SPY,2025-03-21,520.00,call,36.51,37.36,36.90,174,37.82,119,2,955,2024-05-06,0.13782,0.64602,0.00559,-0.08207,1.79604,2.58997
SPY250321C00525000,SPY,2025-03-21,525.00,call,33.80,34.27,33.82,174,34.71,116,27,1277,2024-05-06,0.13614,0.61885,0.00580,-0.08095,1.84045,2.49428
SPY250321C00530000,SPY,2025-03-21,530.00,call,30.82,31.35,31.18,173,31.52,351,183,5311,2024-05-06,0.13462,0.59062,0.00598,-0.07957,1.87667,2.39246
SPY250321C00535000,SPY,2025-03-21,535.00,call,27.80,28.52,28.43,59,28.60,173,3,4252,2024-05-06,0.13294,0.56155,0.00614,-0.07786,1.90361,2.28596
SPY250321C00540000,SPY,2025-03-21,540.00,call,24.71,25.80,25.72,59,25.88,51,6,6546,2024-05-06,0.13111,0.53166,0.00628,-0.07580,1.92052,2.17483
SPY250321C00545000,SPY,2025-03-21,545.00,call,22.69,23.23,23.15,59,23.31,173,2,7422,2024-05-06,0.12943,0.50108,0.00638,-0.07349,1.92658,2.05914
SPY250321C00550000,SPY,2025-03-21,550.00,call,20.30,20.79,20.72,120,20.86,26,5,5236,2024-05-06,0.12760,0.46990,0.00646,-0.07083,1.92110,1.93969
SPY250321C00555000,SPY,2025-03-21,555.00,call,18.03,18.52,18.45,120,18.60,175,2,2250,2024-05-06,0.12593,0.43842,0.00648,-0.06794,1.90359,1.81737
SPY250321C00560000,SPY,2025-03-21,560.00,call,16.50,16.41,16.34,136,16.48,153,5,4081,2024-05-06,0.12425,0.40677,0.00647,-0.06478,1.87373,1.69300
SPY250321C00565000,SPY,2025-03-21,565.00,call,14.17,14.47,14.40,136,14.54,268,34,5308,2024-05-06,0.12273,0.37536,0.00640,-0.06144,1.83177,1.56814
SPY250321C00570000,SPY,2025-03-21,570.00,call,12.01,12.68,12.61,193,12.75,228,113,5149,2024-05-06,0.12120,0.34425,0.00629,-0.05789,1.77783,1.44339
SPY250321C00575000,SPY,2025-03-21,575.00,call,10.76,11.05,10.99,326,11.12,125,425,7698,2024-05-06,0.11983,0.31393,0.00613,-0.05424,1.71304,1.32068
SPY250321C00580000,SPY,2025-03-21,580.00,call,8.98,9.59,9.52,781,9.65,250,3,4826,2024-05-06,0.11846,0.28440,0.00593,-0.05047,1.63788,1.20027
SPY250321C00585000,SPY,2025-03-21,585.00,call,7.82,8.28,8.22,317,8.34,250,1,3703,2024-05-06,0.11739,0.25649,0.00568,-0.04676,1.55543,1.08554
SPY250321C00590000,SPY,2025-03-21,590.00,call,6.90,7.12,7.06,359,7.17,84,50,2824,2024-05-06,0.11632,0.22981,0.00540,-0.04302,1.46570,0.97527
SPY250321C00595000,SPY,2025-03-21,595.00,call,5.91,6.10,6.04,801,6.15,92,47,746,2024-05-06,0.11541,0.20485,0.00510,-0.03937,1.37152,0.87153
SPY250321C00600000,SPY,2025-03-21,600.00,call,5.10,5.21,5.15,982,5.26,337,53,4813,2024-05-06,0.11465,0.18176,0.00477,-0.03586,1.27493,0.77503
SPY250321C00605000,SPY,2025-03-21,605.00,call,4.16,4.44,4.39,357,4.48,372,1,312,2024-05-06,0.11404,0.16061,0.00443,-0.03252,1.17793,0.68626
SPY250321C00610000,SPY,2025-03-21,610.00,call,3.74,3.77,3.72,273,3.81,296,88,1526,2024-05-06,0.11343,0.14108,0.00408,-0.02930,1.08049,0.60400
SPY250321C00615000,SPY,2025-03-21,615.00,call,3.18,3.19,3.14,438,3.23,310,21,748,2024-05-06,0.11297,0.12352,0.00374,-0.02631,0.98588,0.52977
SPY250321C00620000,SPY,2025-03-21,620.00,call,2.64,2.70,2.67,2041,2.73,214,1,2108,2024-05-06,0.11267,0.10789,0.00341,-0.02356,0.89548,0.46345
SPY250321C00625000,SPY,2025-03-21,625.00,call,2.19,2.28,2.25,3213,2.31,126,2,2299,2024-05-06,0.11236,0.09376,0.00308,-0.02098,0.80835,0.40337
SPY250321C00630000,SPY,2025-03-21,630.00,call,1.83,1.93,1.90,3450,1.96,135,5,4114,2024-05-06,0.11236,0.08169,0.00278,-0.01872,0.72934,0.35187
SPY250321C00635000,SPY,2025-03-21,635.00,call,1.53,1.64,1.61,2760,1.66,143,14,1874,2024-05-06,0.11236,0.07091,0.00250,-0.01664,0.65485,0.30580
SPY250321C00640000,SPY,2025-03-21,640.00,call,1.31,1.39,1.36,4124,1.41,152,1,24,2024-05-06,0.11251,0.06160,0.00224,-0.01480,0.58721,0.26593
SPY250321C00645000,SPY,2025-03-21,645.00,call,1.02,1.18,1.16,1589,1.20,152,0,323,2024-05-06,0.11267,0.05335,0.00200,-0.01311,0.52445,0.23057
SPY250321C00650000,SPY,2025-03-21,650.00,call,0.95,1.01,0.99,2195,1.03,405,1,710,2024-05-06,0.11312,0.04655,0.00178,-0.01170,0.47040,0.20133
SPY250321C00655000,SPY,2025-03-21,655.00,call,0.77,0.86,0.84,3395,0.88,160,0,3825,2024-05-06,0.11343,0.04034,0.00158,-0.01037,0.41906,0.17463
SPY250321C00660000,SPY,2025-03-21,660.00,call,0.71,0.74,0.72,3298,0.76,287,1,4367,2024-05-06,0.11404,0.03529,0.00141,-0.00927,0.37572,0.15285
SPY250321C00665000,SPY,2025-03-21,665.00,call,0.63,0.64,0.62,3221,0.66,627,0,66,2024-05-06,0.11465,0.03086,0.00126,-0.00828,0.33634,0.13371
SPY250321C00670000,SPY,2025-03-21,670.00,call,0.55,0.55,0.54,1191,0.57,438,4,4856,2024-05-06,0.11526,0.02696,0.00112,-0.00738,0.30067,0.11690
SPY250321C00675000,SPY,2025-03-21,675.00,call,0.48,0.48,0.46,1766,0.50,529,11,5690,2024-05-06,0.11602,0.02371,0.00100,-0.00663,0.26992,0.10282
SPY250321C00680000,SPY,2025-03-21,680.00,call,0.42,0.42,0.40,1766,0.44,1754,1,171,2024-05-06,0.11678,0.02085,0.00089,-0.00594,0.24219,0.09046
SPY250321C00685000,SPY,2025-03-21,685.00,call,0.29,0.36,0.35,1766,0.38,464,0,57,2024-05-06,0.11739,0.01821,0.00079,-0.00529,0.21592,0.07906
SPY250321C00690000,SPY,2025-03-21,690.00,call,0.26,0.32,0.30,1766,0.34,2058,0,275,2024-05-06,0.11846,0.01626,0.00071,-0.00482,0.19597,0.07059
SPY250321C00695000,SPY,2025-03-21,695.00,call,0.24,0.28,0.26,1766,0.30,2147,0,1077,2024-05-06,0.11922,0.01432,0.00063,-0.00432,0.17573,0.06220
SPY250321C00700000,SPY,2025-03-21,700.00,call,0.25,0.24,0.23,1625,0.26,455,13,4857,2024-05-06,0.11968,0.01243,0.00056,-0.00382,0.15547,0.05400
SPY250321C00705000,SPY,2025-03-21,705.00,call,0.19,0.22,0.20,1766,0.23,435,0,154,2024-05-06,0.12105,0.01131,0.00051,-0.00354,0.14325,0.04913
SPY250321C00710000,SPY,2025-03-21,710.00,call,0.16,0.20,0.18,1200,0.21,2097,0,127,2024-05-06,0.12242,0.01031,0.00046,-0.00329,0.13220,0.04481
SPY250321C00715000,SPY,2025-03-21,715.00,call,0.33,0.17,0.15,1766,0.19,2245,0,35,2024-05-06,0.12273,0.00890,0.00041,-0.00288,0.11619,0.03867
SPY250321C00720000,SPY,2025-03-21,720.00,call,0.14,0.16,0.14,1547,0.17,2087,0,130,2024-05-06,0.12440,0.00828,0.00038,-0.00273,0.10910,0.03599
SPY250321C00725000,SPY,2025-03-21,725.00,call,0.13,0.14,0.12,1547,0.15,1724,0,40,2024-05-06,0.12516,0.00734,0.00034,-0.00246,0.09812,0.03191
SPY250321C00730000,SPY,2025-03-21,730.00,call,0.10,0.12,0.11,1547,0.13,177,0,20,2024-05-06,0.12547,0.00634,0.00029,-0.00216,0.08623,0.02758
SPY250321C00735000,SPY,2025-03-21,735.00,call,0.34,0.11,0.10,1547,0.12,177,0,27,2024-05-06,0.12669,0.00578,0.00027,-0.00200,0.07948,0.02515
SPY250321C00740000,SPY,2025-03-21,740.00,call,0.08,0.10,0.09,1547,0.11,177,0,29,2024-05-06,0.12791,0.00529,0.00025,-0.00185,0.07337,0.02299
SPY250321C00745000,SPY,2025-03-21,745.00,call,0.07,0.09,0.08,1547,0.10,177,0,263,2024-05-06,0.12882,0.00475,0.00022,-0.00169,0.06672,0.02066
SPY250321C00750000,SPY,2025-03-21,750.00,call,0.09,0.08,0.07,1547,0.09,177,1,60,2024-05-06,0.12959,0.00424,0.00020,-0.00153,0.06021,0.01842
SPY250321C00755000,SPY,2025-03-21,755.00,call,0.06,0.07,0.06,1547,0.09,1954,0,231,2024-05-06,0.13020,0.00374,0.00018,-0.00137,0.05391,0.01629
SPY250321C00760000,SPY,2025-03-21,760.00,call,0.08,0.07,0.05,1547,0.08,1724,0,269,2024-05-06,0.13248,0.00369,0.00017,-0.00137,0.05319,0.01603
SPY250321C00765000,SPY,2025-03-21,765.00,call,0.05,0.07,0.05,1547,0.08,1961,1,31,2024-05-06,0.13477,0.00364,0.00017,-0.00137,0.05255,0.01581
SPY250321C00770000,SPY,2025-03-21,770.00,call,0.05,0.04,0.04,1547,0.05,39,6,390,2024-05-06,0.12989,0.00223,0.00011,-0.00085,0.03386,0.00974
SPY250331C00370000,SPY,2025-03-31,370.00,call,154.26,161.59,160.55,50,162.64,50,0,2,2024-05-06,0.01380,1.00000,0.00000,-0.05150,0.00000,3.17863
SPY250331C00375000,SPY,2025-03-31,375.00,call,157.63,156.99,155.96,50,158.02,50,0,3,2024-05-06,0.01333,1.00000,0.00000,-0.05219,0.00000,3.22158
SPY250331C00380000,SPY,2025-03-31,380.00,call,161.39,152.38,151.37,50,153.40,50,0,2,2024-05-06,0.01286,1.00000,0.00000,-0.05289,0.00000,3.26454
SPY250331C00385000,SPY,2025-03-31,385.00,call,0.00,147.80,146.80,50,148.80,50,0,0,2024-05-06,0.01239,1.00000,0.00000,-0.05358,0.00000,3.30749
SPY250331C00390000,SPY,2025-03-31,390.00,call,149.77,143.24,142.25,50,144.22,50,0,3,2024-05-06,0.01192,1.00000,0.00000,-0.05428,0.00000,3.35045
SPY250331C00395000,SPY,2025-03-31,395.00,call,123.42,138.68,137.71,50,139.65,50,0,3,2024-05-06,0.01145,1.00000,0.00000,-0.05498,0.00000,3.39340
SPY250331C00400000,SPY,2025-03-31,400.00,call,124.10,134.15,133.20,50,135.10,50,0,11,2024-05-06,0.01098,1.00000,0.00000,-0.05567,0.00000,3.43636
SPY250331C00405000,SPY,2025-03-31,405.00,call,0.00,129.63,128.70,50,130.57,50,0,0,2024-05-06,0.01050,1.00000,0.00000,-0.05637,0.00000,3.47931
SPY250331C00410000,SPY,2025-03-31,410.00,call,119.76,125.14,124.22,50,126.06,50,0,7,2024-05-06,0.01003,1.00000,0.00000,-0.05706,0.00000,3.52227
SPY250331C00415000,SPY,2025-03-31,415.00,call,114.99,120.67,119.77,50,121.58,50,0,5,2024-05-06,0.00956,1.00000,0.00000,-0.05776,0.00000,3.56522
SPY250331C00420000,SPY,2025-03-31,420.00,call,113.86,116.23,115.34,50,117.12,50,2,122,2024-05-06,0.00909,1.00000,0.00000,-0.05845,0.00000,3.60817
SPY250331C00425000,SPY,2025-03-31,425.00,call,102.09,111.82,110.95,50,112.69,50,0,12,2024-05-06,0.12044,0.98551,0.00062,-0.06131,0.18029,3.58083
SPY250331C00430000,SPY,2025-03-31,430.00,call,102.43,107.44,106.58,50,108.29,50,0,44,2024-05-06,0.13111,0.97268,0.00098,-0.06383,0.30869,3.56056
SPY250331C00435000,SPY,2025-03-31,435.00,call,93.00,103.09,102.25,50,103.93,50,0,5,2024-05-06,0.13675,0.96069,0.00127,-0.06607,0.41671,3.54395
SPY250331C00440000,SPY,2025-03-31,440.00,call,85.78,98.78,97.96,50,99.60,50,0,12,2024-05-06,0.14056,0.94834,0.00154,-0.06820,0.51914,3.52526
SPY250331C00445000,SPY,2025-03-31,445.00,call,0.00,94.51,93.71,50,95.32,50,0,0,2024-05-06,0.14300,0.93578,0.00179,-0.07018,0.61607,3.50524
SPY250331C00450000,SPY,2025-03-31,450.00,call,89.33,90.28,89.50,50,91.07,50,2,141,2024-05-06,0.14452,0.92281,0.00204,-0.07201,0.70963,3.48300
SPY250331C00455000,SPY,2025-03-31,455.00,call,89.03,86.11,85.34,50,86.88,50,0,5,2024-05-06,0.14559,0.90904,0.00229,-0.07376,0.80274,3.45650
SPY250331C00460000,SPY,2025-03-31,460.00,call,75.88,81.98,81.23,50,82.73,50,0,11,2024-05-06,0.14605,0.89477,0.00254,-0.07535,0.89322,3.42732
SPY250331C00465000,SPY,2025-03-31,465.00,call,65.74,77.91,77.17,100,78.64,100,0,1,2024-05-06,0.14635,0.87943,0.00280,-0.07685,0.98433,3.39254
SPY250331C00469000,SPY,2025-03-31,469.00,call,0.00,74.69,73.97,100,75.41,100,0,0,2024-05-06,0.14620,0.86683,0.00300,-0.07792,1.05489,3.36293
SPY250331C00470000,SPY,2025-03-31,470.00,call,66.09,73.89,73.17,100,74.61,100,0,6,2024-05-06,0.14620,0.86350,0.00305,-0.07819,1.07291,3.35458
SPY250331C00471000,SPY,2025-03-31,471.00,call,62.00,73.09,72.38,100,73.81,100,0,1,2024-05-06,0.14605,0.86034,0.00310,-0.07841,1.08978,3.34714
SPY250331C00472000,SPY,2025-03-31,472.00,call,0.00,72.30,71.59,100,73.01,100,0,0,2024-05-06,0.14605,0.85691,0.00315,-0.07867,1.10784,3.33828
SPY250331C00473000,SPY,2025-03-31,473.00,call,0.00,71.50,70.80,100,72.21,100,0,0,2024-05-06,0.14590,0.85366,0.00321,-0.07889,1.12476,3.33032
SPY250331C00474000,SPY,2025-03-31,474.00,call,65.65,70.72,70.02,100,71.42,100,0,1,2024-05-06,0.14590,0.85013,0.00326,-0.07914,1.14282,3.32093
SPY250331C00475000,SPY,2025-03-31,475.00,call,59.50,69.94,69.24,134,70.63,100,0,20,2024-05-06,0.14590,0.84656,0.00331,-0.07938,1.16086,3.31128
SPY250331C00476000,SPY,2025-03-31,476.00,call,60.19,69.16,68.46,134,69.85,100,0,1,2024-05-06,0.14574,0.84316,0.00336,-0.07959,1.17779,3.30255
SPY250331C00477000,SPY,2025-03-31,477.00,call,0.00,68.37,67.68,133,69.06,100,0,0,2024-05-06,0.14559,0.83970,0.00341,-0.07979,1.19473,3.29356
SPY250331C00478000,SPY,2025-03-31,478.00,call,0.00,67.59,66.91,100,68.28,100,0,0,2024-05-06,0.14544,0.83620,0.00346,-0.07999,1.21166,3.28431
SPY250331C00479000,SPY,2025-03-31,479.00,call,0.00,66.81,66.13,133,67.50,100,0,0,2024-05-06,0.14529,0.83265,0.00352,-0.08018,1.22858,3.27481
SPY250331C00480000,SPY,2025-03-31,480.00,call,66.73,66.04,65.36,100,66.72,100,0,5,2024-05-06,0.14513,0.82905,0.00357,-0.08037,1.24548,3.26504
SPY250331C00481000,SPY,2025-03-31,481.00,call,0.00,65.28,64.60,100,65.95,100,0,0,2024-05-06,0.14513,0.82519,0.00362,-0.08058,1.26334,3.25384
SPY250331C00482000,SPY,2025-03-31,482.00,call,54.28,64.50,63.83,100,65.18,100,0,1,2024-05-06,0.14483,0.82171,0.00367,-0.08072,1.27919,3.24473
SPY250331C00483000,SPY,2025-03-31,483.00,call,59.72,63.74,63.07,100,64.41,100,0,2,2024-05-06,0.14483,0.81775,0.00372,-0.08092,1.29694,3.23301
SPY250331C00484000,SPY,2025-03-31,484.00,call,0.00,62.98,62.32,100,63.65,100,0,0,2024-05-06,0.14468,0.81396,0.00378,-0.08109,1.31368,3.22221
SPY250331C00485000,SPY,2025-03-31,485.00,call,0.00,62.23,61.56,100,62.89,132,0,0,2024-05-06,0.14452,0.81012,0.00383,-0.08124,1.33035,3.21115
SPY250331C00486000,SPY,2025-03-31,486.00,call,0.00,61.47,60.81,100,62.13,131,0,0,2024-05-06,0.14437,0.80623,0.00388,-0.08139,1.34696,3.19983
SPY250331C00487000,SPY,2025-03-31,487.00,call,0.00,60.72,60.06,100,61.37,131,0,0,2024-05-06,0.14422,0.80230,0.00393,-0.08154,1.36351,3.18826
SPY250331C00488000,SPY,2025-03-31,488.00,call,60.94,59.97,59.32,100,60.62,131,0,3,2024-05-06,0.14391,0.79852,0.00398,-0.08164,1.37912,3.17758
SPY250331C00489000,SPY,2025-03-31,489.00,call,0.00,59.22,58.57,100,59.87,131,0,0,2024-05-06,0.14376,0.79449,0.00404,-0.08177,1.39552,3.16549
SPY250331C00490000,SPY,2025-03-31,490.00,call,55.10,58.47,57.83,100,59.12,130,0,85,2024-05-06,0.14346,0.79061,0.00409,-0.08186,1.41101,3.15429
SPY250331C00491000,SPY,2025-03-31,491.00,call,49.66,57.74,57.10,100,58.38,130,0,3,2024-05-06,0.14330,0.78648,0.00414,-0.08198,1.42724,3.14168
SPY250331C00492000,SPY,2025-03-31,492.00,call,0.00,57.00,56.36,100,57.64,130,0,0,2024-05-06,0.14315,0.78231,0.00419,-0.08209,1.44336,3.12881
SPY250331C00493000,SPY,2025-03-31,493.00,call,0.00,56.27,55.63,100,56.90,130,0,0,2024-05-06,0.14300,0.77808,0.00424,-0.08219,1.45937,3.11568
SPY250331C00494000,SPY,2025-03-31,494.00,call,44.90,55.53,54.91,100,56.16,130,0,8,2024-05-06,0.14269,0.77401,0.00430,-0.08225,1.47452,3.10343
SPY250331C00495000,SPY,2025-03-31,495.00,call,46.95,54.80,54.18,100,55.43,129,0,19,2024-05-06,0.14239,0.76989,0.00435,-0.08231,1.48958,3.09091
SPY250331C00496000,SPY,2025-03-31,496.00,call,48.50,54.09,53.46,100,54.71,129,0,8,2024-05-06,0.14239,0.76533,0.00440,-0.08242,1.50593,3.07591
SPY250331C00497000,SPY,2025-03-31,497.00,call,47.20,53.36,52.74,100,53.98,129,0,1,2024-05-06,0.14209,0.76112,0.00445,-0.08246,1.52075,3.06287
SPY250331C00498000,SPY,2025-03-31,498.00,call,48.50,52.64,52.03,100,53.26,129,0,1,2024-05-06,0.14178,0.75685,0.00450,-0.08249,1.53547,3.04956
SPY250331C00499000,SPY,2025-03-31,499.00,call,43.05,51.93,51.32,100,52.54,129,0,10,2024-05-06,0.14163,0.75234,0.00455,-0.08254,1.55069,3.03490
SPY250331C00500000,SPY,2025-03-31,500.00,call,47.30,51.22,50.61,100,51.83,129,0,30,2024-05-06,0.14132,0.74798,0.00460,-0.08256,1.56514,3.02107
SPY250331C00501000,SPY,2025-03-31,501.00,call,47.56,50.52,49.91,100,51.12,128,0,4,2024-05-06,0.14117,0.74338,0.00465,-0.08260,1.58003,3.00591
SPY250331C00502000,SPY,2025-03-31,502.00,call,44.60,49.81,49.21,100,50.41,128,0,3,2024-05-06,0.14087,0.73892,0.00471,-0.08259,1.59419,2.99156
SPY250331C00503000,SPY,2025-03-31,503.00,call,43.75,49.11,48.51,100,49.71,128,0,1,2024-05-06,0.14056,0.73441,0.00476,-0.08258,1.60819,2.97694
SPY250331C00504000,SPY,2025-03-31,504.00,call,38.55,48.41,47.82,100,49.01,128,0,6,2024-05-06,0.14026,0.72985,0.00481,-0.08256,1.62204,2.96205
SPY250331C00505000,SPY,2025-03-31,505.00,call,47.00,47.72,47.13,100,48.31,128,3,20,2024-05-06,0.14010,0.72508,0.00486,-0.08256,1.63621,2.94589
SPY250331C00506000,SPY,2025-03-31,506.00,call,44.17,47.03,46.45,300,47.62,300,0,6,2024-05-06,0.13980,0.72042,0.00491,-0.08253,1.64970,2.93048
SPY250331C00507000,SPY,2025-03-31,507.00,call,45.55,46.34,45.76,300,46.93,300,1,19,2024-05-06,0.13949,0.71572,0.00496,-0.08248,1.66301,2.91482
SPY250331C00508000,SPY,2025-03-31,508.00,call,42.20,45.67,45.09,300,46.25,300,0,2,2024-05-06,0.13919,0.71097,0.00501,-0.08242,1.67613,2.89889
SPY250331C00509000,SPY,2025-03-31,509.00,call,42.16,44.99,44.41,300,45.57,300,0,5,2024-05-06,0.13904,0.70602,0.00505,-0.08238,1.68946,2.88174
SPY250331C00510000,SPY,2025-03-31,510.00,call,43.57,44.31,43.74,300,44.89,300,1,39,2024-05-06,0.13858,0.70133,0.00511,-0.08228,1.70177,2.86625
SPY250331C00511000,SPY,2025-03-31,511.00,call,42.25,43.65,43.08,300,44.22,300,1,1,2024-05-06,0.13843,0.69629,0.00515,-0.08222,1.71465,2.84861
SPY250331C00512000,SPY,2025-03-31,512.00,call,40.07,42.98,42.41,300,43.55,300,0,16,2024-05-06,0.13812,0.69136,0.00520,-0.08212,1.72691,2.83166
SPY250331C00513000,SPY,2025-03-31,513.00,call,40.46,42.31,41.76,355,42.86,351,0,2,2024-05-06,0.13782,0.68638,0.00525,-0.08202,1.73894,2.81445
SPY250331C00514000,SPY,2025-03-31,514.00,call,40.30,41.65,41.10,355,42.20,382,7,3,2024-05-06,0.13751,0.68135,0.00529,-0.08190,1.75074,2.79699
SPY250331C00515000,SPY,2025-03-31,515.00,call,32.12,41.00,40.45,354,41.54,389,0,48,2024-05-06,0.13721,0.67628,0.00534,-0.08177,1.76229,2.77927
SPY250331C00516000,SPY,2025-03-31,516.00,call,45.78,40.35,39.81,355,40.89,380,0,2,2024-05-06,0.13690,0.67116,0.00539,-0.08164,1.77359,2.76130
SPY250331C00517000,SPY,2025-03-31,517.00,call,42.70,39.70,39.16,355,40.24,351,0,4,2024-05-06,0.13660,0.66600,0.00543,-0.08149,1.78463,2.74309
SPY250331C00518000,SPY,2025-03-31,518.00,call,34.11,39.06,38.53,355,39.60,351,0,24,2024-05-06,0.13629,0.66079,0.00548,-0.08133,1.79540,2.72462
SPY250331C00519000,SPY,2025-03-31,519.00,call,30.57,38.43,37.90,354,38.96,379,0,11,2024-05-06,0.13599,0.65554,0.00552,-0.08116,1.80589,2.70591
SPY250331C00520000,SPY,2025-03-31,520.00,call,37.23,37.80,37.27,353,38.33,379,4,25,2024-05-06,0.13568,0.65025,0.00556,-0.08098,1.81610,2.68695
SPY250331C00521000,SPY,2025-03-31,521.00,call,32.47,37.17,36.64,355,37.70,351,0,5,2024-05-06,0.13538,0.64491,0.00561,-0.08079,1.82601,2.66775
SPY250331C00522000,SPY,2025-03-31,522.00,call,33.18,36.55,36.02,355,37.07,351,0,9,2024-05-06,0.13507,0.63953,0.00565,-0.08059,1.83562,2.64832
SPY250331C00523000,SPY,2025-03-31,523.00,call,0.00,35.93,35.41,355,36.45,351,0,0,2024-05-06,0.13477,0.63412,0.00569,-0.08037,1.84492,2.62864
SPY250331C00524000,SPY,2025-03-31,524.00,call,34.15,35.31,34.80,355,35.83,380,2,3,2024-05-06,0.13431,0.62874,0.00574,-0.08011,1.85376,2.60939
SPY250331C00525000,SPY,2025-03-31,525.00,call,30.32,34.70,34.19,355,35.22,351,0,39,2024-05-06,0.13401,0.62324,0.00578,-0.07988,1.86243,2.58923
SPY250331C00526000,SPY,2025-03-31,526.00,call,26.50,34.10,33.59,355,34.61,380,0,24,2024-05-06,0.13370,0.61770,0.00582,-0.07963,1.87077,2.56884
SPY250331C00527000,SPY,2025-03-31,527.00,call,29.89,33.50,32.99,355,34.01,351,0,1,2024-05-06,0.13340,0.61211,0.00586,-0.07937,1.87877,2.54822
SPY250331C00528000,SPY,2025-03-31,528.00,call,32.02,32.89,32.49,28,33.29,570,18,35,2024-05-06,0.13309,0.60649,0.00589,-0.07910,1.88642,2.52738
SPY250331C00529000,SPY,2025-03-31,529.00,call,27.83,32.32,31.82,440,32.82,489,0,2,2024-05-06,0.13279,0.60084,0.00593,-0.07882,1.89371,2.50632
SPY250331C00530000,SPY,2025-03-31,530.00,call,31.45,31.73,31.24,448,32.23,481,3,2011,2024-05-06,0.13248,0.59514,0.00596,-0.07853,1.90064,2.48505
SPY250331C00531000,SPY,2025-03-31,531.00,call,36.35,31.16,30.66,440,31.65,487,0,2,2024-05-06,0.13218,0.58941,0.00600,-0.07822,1.90720,2.46356
SPY250331C00532000,SPY,2025-03-31,532.00,call,25.05,30.58,30.09,440,31.07,489,0,6,2024-05-06,0.13187,0.58365,0.00603,-0.07791,1.91338,2.44187
SPY250331C00533000,SPY,2025-03-31,533.00,call,36.78,30.01,29.52,452,30.50,489,0,1,2024-05-06,0.13141,0.57789,0.00607,-0.07754,1.91914,2.42039
SPY250331C00534000,SPY,2025-03-31,534.00,call,35.06,29.45,28.96,440,29.93,501,0,19,2024-05-06,0.13111,0.57205,0.00610,-0.07720,1.92455,2.39826
SPY250331C00535000,SPY,2025-03-31,535.00,call,26.48,28.88,28.40,451,29.36,475,0,10,2024-05-06,0.13080,0.56619,0.00613,-0.07685,1.92956,2.37594
SPY250331C00536000,SPY,2025-03-31,536.00,call,33.31,28.33,27.85,451,28.81,487,0,1,2024-05-06,0.13050,0.56029,0.00616,-0.07649,1.93417,2.35342
SPY250331C00537000,SPY,2025-03-31,537.00,call,36.66,27.79,27.31,939,28.26,943,0,1,2024-05-06,0.13020,0.55436,0.00619,-0.07611,1.93836,2.33072
SPY250331C00538000,SPY,2025-03-31,538.00,call,23.33,27.24,26.77,939,27.71,943,0,4,2024-05-06,0.12989,0.54840,0.00622,-0.07573,1.94213,2.30783
SPY250331C00539000,SPY,2025-03-31,539.00,call,22.70,26.70,26.24,47,27.17,934,0,24,2024-05-06,0.12943,0.54241,0.00625,-0.07529,1.94548,2.28500
SPY250331C00540000,SPY,2025-03-31,540.00,call,25.24,26.20,25.90,41,26.51,1056,40,13,2024-05-06,0.12928,0.53641,0.00627,-0.07492,1.94840,2.26153
SPY250331C00541000,SPY,2025-03-31,541.00,call,21.81,25.65,25.19,47,26.10,932,0,39,2024-05-06,0.12882,0.53035,0.00630,-0.07446,1.95088,2.23829
SPY250331C00542000,SPY,2025-03-31,542.00,call,21.42,25.12,24.67,47,25.58,941,0,27,2024-05-06,0.12852,0.52428,0.00632,-0.07402,1.95292,2.21469
SPY250331C00543000,SPY,2025-03-31,543.00,call,18.00,24.61,24.16,47,25.06,933,0,27,2024-05-06,0.12821,0.51819,0.00634,-0.07358,1.95451,2.19093
SPY250331C00544000,SPY,2025-03-31,544.00,call,20.42,24.10,23.65,939,24.55,944,0,2,2024-05-06,0.12791,0.51208,0.00636,-0.07312,1.95565,2.16702
SPY250331C00545000,SPY,2025-03-31,545.00,call,20.45,23.59,23.15,47,24.04,961,0,162,2024-05-06,0.12745,0.50590,0.00638,-0.07261,1.95634,2.14299
SPY250331C00546000,SPY,2025-03-31,546.00,call,20.85,23.10,22.66,47,23.54,961,0,1,2024-05-06,0.12715,0.49974,0.00640,-0.07213,1.95655,2.11875
SPY250331C00547000,SPY,2025-03-31,547.00,call,27.82,22.61,22.17,47,23.05,956,0,2,2024-05-06,0.12684,0.49356,0.00641,-0.07164,1.95629,2.09438
SPY250331C00550000,SPY,2025-03-31,550.00,call,19.08,21.17,20.74,47,21.60,965,0,73,2024-05-06,0.12593,0.47493,0.00645,-0.07010,1.95268,2.02050
SPY250331C00555000,SPY,2025-03-31,555.00,call,15.71,18.89,18.48,47,19.30,970,0,10,2024-05-06,0.12425,0.44352,0.00648,-0.06727,1.93691,1.89491
SPY250331C00560000,SPY,2025-03-31,560.00,call,15.17,16.77,16.38,41,17.17,949,0,17,2024-05-06,0.12273,0.41206,0.00647,-0.06424,1.90882,1.76750
SPY250331C00565000,SPY,2025-03-31,565.00,call,10.47,14.81,14.43,939,15.19,943,0,50,2024-05-06,0.12120,0.38066,0.00641,-0.06097,1.86834,1.63903
SPY250331C00570000,SPY,2025-03-31,570.00,call,12.30,13.02,12.65,47,13.38,971,152,281,2024-05-06,0.11983,0.34976,0.00630,-0.05756,1.81611,1.51130
SPY250331C00575000,SPY,2025-03-31,575.00,call,9.77,11.38,11.02,936,11.73,41,0,200,2024-05-06,0.11861,0.31965,0.00614,-0.05405,1.75305,1.38574
SPY250331C00580000,SPY,2025-03-31,580.00,call,6.71,9.91,9.57,101,10.24,101,0,26,2024-05-06,0.11739,0.29034,0.00595,-0.05042,1.67971,1.26261
SPY250331C00585000,SPY,2025-03-31,585.00,call,6.13,8.58,8.26,101,8.90,101,0,60,2024-05-06,0.11632,0.26233,0.00571,-0.04679,1.59810,1.14406
SPY250331C00590000,SPY,2025-03-31,590.00,call,6.99,7.44,7.16,101,7.72,101,5,21,2024-05-06,0.11556,0.23617,0.00544,-0.04327,1.51124,1.03259
SPY250331C00595000,SPY,2025-03-31,595.00,call,5.60,6.40,6.14,101,6.67,101,0,15,2024-05-06,0.11480,0.21139,0.00514,-0.03977,1.41892,0.92649
SPY250331C00600000,SPY,2025-03-31,600.00,call,5.30,5.50,5.25,101,5.74,101,8,204,2024-05-06,0.11404,0.18808,0.00482,-0.03631,1.32258,0.82624
SPY250331C00605000,SPY,2025-03-31,605.00,call,4.50,4.71,4.47,2,4.94,101,3,10,2024-05-06,0.11358,0.16704,0.00449,-0.03309,1.22711,0.73525
SPY250331C00610000,SPY,2025-03-31,610.00,call,3.72,4.03,3.82,101,4.24,101,20,45,2024-05-06,0.11312,0.14757,0.00416,-0.02999,1.13107,0.65079
SPY250331C00615000,SPY,2025-03-31,615.00,call,3.31,3.44,3.24,101,3.63,101,39,79,2024-05-06,0.11282,0.13003,0.00382,-0.02710,1.03765,0.57442
SPY250331C00620000,SPY,2025-03-31,620.00,call,2.75,2.85,2.60,101,3.11,101,2,39,2024-05-06,0.11175,0.11231,0.00348,-0.02395,0.93601,0.49719
SPY250331C00625000,SPY,2025-03-31,625.00,call,1.74,2.43,2.37,3719,2.49,3328,0,39,2024-05-06,0.11160,0.09819,0.00316,-0.02146,0.84926,0.43529
SPY250331C00630000,SPY,2025-03-31,630.00,call,1.92,2.06,2.01,2172,2.12,3324,2,137,2024-05-06,0.11145,0.08547,0.00286,-0.01913,0.76633,0.37945
SPY250331C00635000,SPY,2025-03-31,635.00,call,1.50,1.75,1.70,4192,1.80,4632,0,554,2024-05-06,0.11145,0.07439,0.00257,-0.01704,0.68989,0.33063
SPY250331C00640000,SPY,2025-03-31,640.00,call,1.00,1.48,1.44,4943,1.53,1992,0,459,2024-05-06,0.11145,0.06451,0.00231,-0.01512,0.61816,0.28704
SPY250331C00645000,SPY,2025-03-31,645.00,call,0.98,1.27,1.23,1848,1.31,2836,0,5,2024-05-06,0.11190,0.05653,0.00207,-0.01356,0.55747,0.25174
SPY250331C00650000,SPY,2025-03-31,650.00,call,1.04,1.08,1.05,1537,1.12,2942,1,141,2024-05-06,0.11206,0.04897,0.00185,-0.01201,0.49749,0.21830
SPY250331C00655000,SPY,2025-03-31,655.00,call,0.68,0.93,0.89,4337,0.97,5695,0,8,2024-05-06,0.11267,0.04299,0.00165,-0.01078,0.44803,0.19175
SPY250331C00660000,SPY,2025-03-31,660.00,call,1.65,0.80,0.77,2809,0.84,4946,0,2,2024-05-06,0.11312,0.03750,0.00147,-0.00961,0.40099,0.16740
SPY250331C00665000,SPY,2025-03-31,665.00,call,0.80,0.70,0.67,1720,0.73,5188,0,2,2024-05-06,0.11388,0.03306,0.00132,-0.00865,0.36159,0.14764
SPY250331C00670000,SPY,2025-03-31,670.00,call,1.67,0.60,0.58,1862,0.63,2696,0,2,2024-05-06,0.11434,0.02879,0.00117,-0.00769,0.32251,0.12867
SPY250331C00675000,SPY,2025-03-31,675.00,call,0.45,0.53,0.50,1946,0.56,2696,0,115,2024-05-06,0.11541,0.02570,0.00106,-0.00701,0.29334,0.11487
SPY250620C00150000,SPY,2025-06-20,150.00,call,368.10,369.60,367.89,100,371.31,96,1,27,2024-05-06,0.02771,1.00000,0.00000,-0.02063,0.00000,1.58701
SPY250620C00155000,SPY,2025-06-20,155.00,call,0.00,364.93,363.22,100,366.63,96,0,0,2024-05-06,0.02733,1.00000,0.00000,-0.02132,0.00000,1.63991
SPY250620C00160000,SPY,2025-06-20,160.00,call,357.40,360.25,358.55,100,361.95,96,0,49,2024-05-06,0.02696,1.00000,0.00000,-0.02201,0.00000,1.69281
SPY250620C00165000,SPY,2025-06-20,165.00,call,0.00,355.57,353.88,100,357.27,96,0,0,2024-05-06,0.02658,1.00000,0.00000,-0.02269,0.00000,1.74571
SPY250620C00170000,SPY,2025-06-20,170.00,call,345.28,350.89,349.20,100,352.59,96,0,26,2024-05-06,0.02620,1.00000,0.00000,-0.02338,0.00000,1.79861
SPY250620C00175000,SPY,2025-06-20,175.00,call,268.96,346.23,344.54,100,347.91,96,0,14,2024-05-06,0.02582,1.00000,0.00000,-0.02407,0.00000,1.85152
SPY250620C00180000,SPY,2025-06-20,180.00,call,339.21,341.56,339.87,100,343.24,96,0,39,2024-05-06,0.02544,1.00000,0.00000,-0.02476,0.00000,1.90442
SPY250620C00185000,SPY,2025-06-20,185.00,call,267.00,336.88,335.20,100,338.56,96,0,7,2024-05-06,0.02507,1.00000,0.00000,-0.02545,0.00000,1.95732
SPY250620C00190000,SPY,2025-06-20,190.00,call,277.00,332.21,330.53,100,333.89,96,0,16,2024-05-06,0.02469,1.00000,0.00000,-0.02613,0.00000,2.01022
SPY250620C00195000,SPY,2025-06-20,195.00,call,267.50,327.55,325.87,100,329.22,96,0,13,2024-05-06,0.02431,1.00000,0.00000,-0.02682,0.00000,2.06312
SPY250620C00200000,SPY,2025-06-20,200.00,call,320.71,322.88,321.21,100,324.55,96,0,89,2024-05-06,0.02393,1.00000,0.00000,-0.02751,0.00000,2.11602
SPY250620C00205000,SPY,2025-06-20,205.00,call,300.93,318.22,316.55,100,319.88,96,0,108,2024-05-06,0.02355,1.00000,0.00000,-0.02820,0.00000,2.16892
SPY250620C00210000,SPY,2025-06-20,210.00,call,249.50,313.54,311.89,100,315.20,96,0,91,2024-05-06,0.02318,1.00000,0.00000,-0.02888,0.00000,2.22182
SPY250620C00215000,SPY,2025-06-20,215.00,call,248.00,308.88,307.23,100,310.54,96,0,46,2024-05-06,0.02280,1.00000,0.00000,-0.02957,0.00000,2.27472
SPY250620C00220000,SPY,2025-06-20,220.00,call,215.78,304.23,302.57,100,305.88,100,0,79,2024-05-06,0.02242,1.00000,0.00000,-0.03026,0.00000,2.32762
SPY250620C00225000,SPY,2025-06-20,225.00,call,266.08,299.56,297.92,100,301.21,96,0,17,2024-05-06,0.02204,1.00000,0.00000,-0.03095,0.00000,2.38052
SPY250620C00230000,SPY,2025-06-20,230.00,call,298.98,294.90,293.26,100,296.55,96,0,17,2024-05-06,0.02166,1.00000,0.00000,-0.03163,0.00000,2.43342
SPY250620C00235000,SPY,2025-06-20,235.00,call,230.50,290.25,288.61,100,291.89,96,0,2,2024-05-06,0.02129,1.00000,0.00000,-0.03232,0.00000,2.48632
SPY250620C00240000,SPY,2025-06-20,240.00,call,242.49,285.60,283.96,100,287.23,96,0,13,2024-05-06,0.02091,1.00000,0.00000,-0.03301,0.00000,2.53922
SPY250620C00245000,SPY,2025-06-20,245.00,call,0.00,280.94,279.32,100,282.55,100,0,0,2024-05-06,0.02053,1.00000,0.00000,-0.03370,0.00000,2.59212
SPY250620C00250000,SPY,2025-06-20,250.00,call,261.16,276.27,274.67,100,277.87,100,0,9,2024-05-06,0.02015,1.00000,0.00000,-0.03439,0.00000,2.64502
SPY250620C00255000,SPY,2025-06-20,255.00,call,272.23,271.61,270.03,100,273.19,100,0,5,2024-05-06,0.01977,1.00000,0.00000,-0.03507,0.00000,2.69792
SPY250620C00260000,SPY,2025-06-20,260.00,call,257.99,266.95,265.39,100,268.52,100,0,4,2024-05-06,0.01940,1.00000,0.00000,-0.03576,0.00000,2.75082
SPY250620C00265000,SPY,2025-06-20,265.00,call,252.00,262.30,260.75,100,263.85,100,0,1,2024-05-06,0.01902,1.00000,0.00000,-0.03645,0.00000,2.80372
SPY250620C00270000,SPY,2025-06-20,270.00,call,0.00,257.65,256.12,100,259.18,100,0,0,2024-05-06,0.01864,1.00000,0.00000,-0.03714,0.00000,2.85662
SPY250620C00275000,SPY,2025-06-20,275.00,call,238.62,253.00,251.49,100,254.51,100,0,0,2024-05-06,0.01826,1.00000,0.00000,-0.03782,0.00000,2.90952
SPY250620C00280000,SPY,2025-06-20,280.00,call,233.94,248.36,246.86,100,249.85,100,0,231,2024-05-06,0.01788,1.00000,0.00000,-0.03851,0.00000,2.96242
SPY250620C00285000,SPY,2025-06-20,285.00,call,247.50,243.72,242.24,100,245.19,100,0,4,2024-05-06,0.01751,1.00000,0.00000,-0.03920,0.00000,3.01532
SPY250620C00290000,SPY,2025-06-20,290.00,call,243.00,239.07,237.62,100,240.53,100,0,3,2024-05-06,0.01713,1.00000,0.00000,-0.03989,0.00000,3.06823
SPY250620C00295000,SPY,2025-06-20,295.00,call,220.99,234.44,233.00,100,235.88,100,0,1,2024-05-06,0.01675,1.00000,0.00000,-0.04057,0.00000,3.12113
SPY250620C00300000,SPY,2025-06-20,300.00,call,216.18,229.81,228.39,100,231.23,100,0,295,2024-05-06,0.01637,1.00000,0.00000,-0.04126,0.00000,3.17403
SPY250620C00305000,SPY,2025-06-20,305.00,call,166.23,225.19,223.78,100,226.59,100,0,1,2024-05-06,0.01599,1.00000,0.00000,-0.04195,0.00000,3.22693
SPY250620C00310000,SPY,2025-06-20,310.00,call,180.30,220.56,219.18,100,221.95,100,0,10,2024-05-06,0.01562,1.00000,0.00000,-0.04264,0.00000,3.27983
SPY250620C00315000,SPY,2025-06-20,315.00,call,218.00,215.95,214.58,100,217.32,100,0,8,2024-05-06,0.01524,1.00000,0.00000,-0.04333,0.00000,3.33273
SPY250620C00320000,SPY,2025-06-20,320.00,call,208.24,211.34,209.99,100,212.69,100,23,43,2024-05-06,0.01486,1.00000,0.00000,-0.04401,0.00000,3.38563
SPY250620C00325000,SPY,2025-06-20,325.00,call,196.08,206.74,205.40,100,208.07,100,0,10,2024-05-06,0.01448,1.00000,0.00000,-0.04470,0.00000,3.43853
SPY250620C00330000,SPY,2025-06-20,330.00,call,201.32,202.14,200.83,100,203.45,100,0,7,2024-05-06,0.01410,1.00000,0.00000,-0.04539,0.00000,3.49143
SPY250620C00335000,SPY,2025-06-20,335.00,call,180.06,197.55,196.25,100,198.85,100,0,5,2024-05-06,0.01373,1.00000,0.00000,-0.04608,0.00000,3.54433
SPY250620C00340000,SPY,2025-06-20,340.00,call,184.39,192.97,191.69,100,194.25,100,0,12,2024-05-06,0.01335,1.00000,0.00000,-0.04676,0.00000,3.59723
SPY250620C00345000,SPY,2025-06-20,345.00,call,188.22,188.40,187.14,100,189.66,100,0,9,2024-05-06,0.01297,1.00000,0.00000,-0.04745,0.00000,3.65013
SPY250620C00350000,SPY,2025-06-20,350.00,call,179.80,183.84,182.59,100,185.08,100,0,33,2024-05-06,0.01259,1.00000,0.00000,-0.04814,0.00000,3.70303
SPY250620C00355000,SPY,2025-06-20,355.00,call,164.12,179.28,178.06,100,180.51,100,0,8,2024-05-06,0.01221,1.00000,0.00000,-0.04883,0.00000,3.75593
SPY250620C00360000,SPY,2025-06-20,360.00,call,170.06,174.74,173.53,100,175.95,100,0,21,2024-05-06,0.01184,1.00000,0.00000,-0.04951,0.00000,3.80883
SPY250620C00365000,SPY,2025-06-20,365.00,call,154.96,170.21,169.02,100,171.40,100,0,106,2024-05-06,0.01146,1.00000,0.00000,-0.05020,0.00000,3.86173
SPY250620C00370000,SPY,2025-06-20,370.00,call,150.28,165.69,164.52,100,166.86,100,0,154,2024-05-06,0.01108,1.00000,0.00000,-0.05089,0.00000,3.91463
SPY250620C00375000,SPY,2025-06-20,375.00,call,147.84,161.19,160.04,100,162.34,100,0,14,2024-05-06,0.01070,1.00000,0.00000,-0.05158,0.00000,3.96753
SPY250620C00380000,SPY,2025-06-20,380.00,call,144.10,156.70,155.57,100,157.84,100,0,246,2024-05-06,0.01032,1.00000,0.00000,-0.05227,0.00000,4.02043
SPY250620C00385000,SPY,2025-06-20,385.00,call,137.90,152.23,151.11,100,153.35,100,0,331,2024-05-06,0.00995,1.00000,0.00000,-0.05295,0.00000,4.07333
SPY250620C00390000,SPY,2025-06-20,390.00,call,138.33,147.78,146.68,100,148.88,100,0,16,2024-05-06,0.00957,1.00000,0.00000,-0.05364,0.00000,4.12623
SPY250620C00395000,SPY,2025-06-20,395.00,call,129.50,143.34,142.26,100,144.43,100,0,27,2024-05-06,0.00919,1.00000,0.00000,-0.05433,0.00000,4.17913
SPY250620C00400000,SPY,2025-06-20,400.00,call,126.18,138.56,137.87,100,139.25,1,0,393,2024-05-06,0.00881,1.00000,0.00000,-0.05502,0.00000,4.23203
SPY250620C00405000,SPY,2025-06-20,405.00,call,126.60,134.54,133.50,100,135.58,100,0,7,2024-05-06,0.00843,1.00000,0.00000,-0.05570,0.00000,4.28494
SPY250620C00410000,SPY,2025-06-20,410.00,call,128.50,130.18,129.15,100,131.20,100,29,995,2024-05-06,0.00806,1.00000,0.00000,-0.05639,0.00000,4.33784
SPY250620C00415000,SPY,2025-06-20,415.00,call,123.90,125.84,124.83,100,126.84,100,2,37,2024-05-06,0.11053,0.99263,0.00034,-0.05801,0.11170,4.34624
SPY250620C00420000,SPY,2025-06-20,420.00,call,110.29,121.53,120.54,100,122.52,100,0,517,2024-05-06,0.12745,0.97947,0.00071,-0.06035,0.27106,4.31829
SPY250620C00425000,SPY,2025-06-20,425.00,call,113.18,117.25,116.28,100,118.22,100,0,31,2024-05-06,0.13538,0.96777,0.00097,-0.06241,0.39533,4.29844
SPY250620C00430000,SPY,2025-06-20,430.00,call,101.56,113.00,112.05,100,113.95,100,0,256,2024-05-06,0.14010,0.95662,0.00120,-0.06427,0.50385,4.28156
SPY250620C00435000,SPY,2025-06-20,435.00,call,106.85,108.79,107.86,100,109.72,100,1,194,2024-05-06,0.14361,0.94505,0.00141,-0.06606,0.60861,4.26163
SPY250620C00440000,SPY,2025-06-20,440.00,call,102.78,104.61,103.70,100,105.52,100,4,727,2024-05-06,0.14574,0.93364,0.00161,-0.06769,0.70540,4.24247
SPY250620C00445000,SPY,2025-06-20,445.00,call,97.05,100.48,99.59,100,101.37,100,0,370,2024-05-06,0.14742,0.92159,0.00181,-0.06926,0.80168,4.21891
SPY250620C00450000,SPY,2025-06-20,450.00,call,95.11,96.38,95.51,100,97.25,100,38,1427,2024-05-06,0.14849,0.90919,0.00201,-0.07072,0.89501,4.19296
SPY250620C00455000,SPY,2025-06-20,455.00,call,81.10,92.34,91.48,100,93.19,100,0,1556,2024-05-06,0.14925,0.89615,0.00221,-0.07209,0.98763,4.16266
SPY250620C00460000,SPY,2025-06-20,460.00,call,86.53,88.33,87.50,100,89.16,100,1,186,2024-05-06,0.14940,0.88293,0.00240,-0.07331,1.07623,4.13111
SPY250620C00465000,SPY,2025-06-20,465.00,call,84.34,84.38,83.57,100,85.19,100,2,605,2024-05-06,0.14955,0.86875,0.00260,-0.07447,1.16587,4.09310
SPY250620C00470000,SPY,2025-06-20,470.00,call,75.27,80.47,79.68,100,81.27,100,0,290,2024-05-06,0.14925,0.85425,0.00280,-0.07548,1.25216,4.05297
SPY250620C00475000,SPY,2025-06-20,475.00,call,72.90,76.63,75.86,131,77.41,131,0,858,2024-05-06,0.14894,0.83883,0.00300,-0.07640,1.33846,4.00656
SPY250620C00480000,SPY,2025-06-20,480.00,call,72.06,72.84,72.09,129,73.60,129,2,352,2024-05-06,0.14834,0.82290,0.00320,-0.07716,1.42199,3.95677
SPY250620C00485000,SPY,2025-06-20,485.00,call,67.02,69.11,68.38,128,69.85,128,6,3076,2024-05-06,0.14757,0.80626,0.00340,-0.07779,1.50353,3.90219
SPY250620C00490000,SPY,2025-06-20,490.00,call,64.37,65.45,64.74,100,66.17,127,2,790,2024-05-06,0.14681,0.78871,0.00360,-0.07829,1.58355,3.84140
SPY250620C00495000,SPY,2025-06-20,495.00,call,61.17,61.85,61.16,100,62.55,127,1,374,2024-05-06,0.14590,0.77046,0.00380,-0.07863,1.66059,3.77582
SPY250620C00500000,SPY,2025-06-20,500.00,call,57.50,58.33,57.65,100,59.01,126,23,3787,2024-05-06,0.14483,0.75149,0.00399,-0.07880,1.73426,3.70542
SPY250620C00505000,SPY,2025-06-20,505.00,call,54.00,54.88,54.21,100,55.54,125,7,598,2024-05-06,0.14376,0.73165,0.00419,-0.07882,1.80470,3.62886
SPY250620C00510000,SPY,2025-06-20,510.00,call,51.16,51.50,50.85,125,52.14,125,27,3202,2024-05-06,0.14239,0.71124,0.00438,-0.07861,1.87031,3.54864
SPY250620C00515000,SPY,2025-06-20,515.00,call,48.05,48.19,47.57,167,48.81,146,190,1485,2024-05-06,0.14102,0.68994,0.00457,-0.07823,1.93166,3.46220
SPY250620C00520000,SPY,2025-06-20,520.00,call,41.25,44.98,44.38,165,45.58,151,0,1679,2024-05-06,0.13965,0.66779,0.00475,-0.07766,1.98801,3.36968
SPY250620C00525000,SPY,2025-06-20,525.00,call,42.00,41.86,41.27,167,42.44,148,1,2596,2024-05-06,0.13827,0.64481,0.00492,-0.07690,2.03863,3.27126
SPY250620C00530000,SPY,2025-06-20,530.00,call,39.00,38.83,38.26,165,39.40,146,10,819,2024-05-06,0.13675,0.62114,0.00508,-0.07592,2.08268,3.16794
SPY250620C00535000,SPY,2025-06-20,535.00,call,35.27,35.91,35.64,3,36.18,398,10,778,2024-05-06,0.13523,0.59670,0.00523,-0.07472,2.11968,3.05895
SPY250620C00540000,SPY,2025-06-20,540.00,call,32.67,33.18,33.05,59,33.31,321,27,5950,2024-05-06,0.13401,0.57152,0.00535,-0.07339,2.14897,2.94370
SPY250620C00545000,SPY,2025-06-20,545.00,call,29.68,30.48,30.36,59,30.61,398,10,1601,2024-05-06,0.13248,0.54580,0.00546,-0.07178,2.16975,2.82473
SPY250620C00550000,SPY,2025-06-20,550.00,call,27.12,27.88,27.76,59,28.00,272,41,4329,2024-05-06,0.13096,0.51953,0.00556,-0.06996,2.18154,2.70126
SPY250620C00555000,SPY,2025-06-20,555.00,call,24.70,25.41,25.29,98,25.54,392,7,4848,2024-05-06,0.12928,0.49272,0.00564,-0.06789,2.18380,2.57373
SPY250620C00560000,SPY,2025-06-20,560.00,call,23.06,23.09,22.96,84,23.21,756,7,1701,2024-05-06,0.12791,0.46571,0.00568,-0.06570,2.17609,2.44285
SPY250620C00565000,SPY,2025-06-20,565.00,call,20.06,20.86,20.74,82,20.98,402,7,707,2024-05-06,0.12623,0.43824,0.00570,-0.06323,2.15794,2.30866
SPY250620C00570000,SPY,2025-06-20,570.00,call,18.32,18.78,18.66,373,18.90,365,5,1704,2024-05-06,0.12471,0.41075,0.00570,-0.06063,2.12927,2.17255
SPY250620C00575000,SPY,2025-06-20,575.00,call,16.04,16.84,16.73,303,16.96,289,9,5681,2024-05-06,0.12334,0.38346,0.00565,-0.05791,2.09030,2.03584
SPY250620C00580000,SPY,2025-06-20,580.00,call,14.53,15.05,14.95,147,15.16,569,9,6018,2024-05-06,0.12196,0.35637,0.00558,-0.05504,2.04103,1.89886
SPY250620C00585000,SPY,2025-06-20,585.00,call,13.39,13.39,13.28,326,13.50,332,75,621,2024-05-06,0.12074,0.32987,0.00548,-0.05212,1.98241,1.76357
SPY250620C00590000,SPY,2025-06-20,590.00,call,11.85,11.88,11.77,195,11.98,200,132,3487,2024-05-06,0.11952,0.30389,0.00534,-0.04910,1.91463,1.62993
SPY250620C00595000,SPY,2025-06-20,595.00,call,10.21,10.50,10.41,342,10.60,946,7,4803,2024-05-06,0.11846,0.27886,0.00518,-0.04607,1.83934,1.50017
SPY250620C00600000,SPY,2025-06-20,600.00,call,9.23,9.27,9.17,480,9.36,550,89,2534,2024-05-06,0.11754,0.25497,0.00499,-0.04308,1.75794,1.37541
SPY250620C00605000,SPY,2025-06-20,605.00,call,8.14,8.16,8.06,317,8.27,285,2,3464,2024-05-06,0.11678,0.23236,0.00478,-0.04015,1.67195,1.25661
SPY250620C00610000,SPY,2025-06-20,610.00,call,7.14,7.14,7.06,290,7.23,1104,2,3633,2024-05-06,0.11587,0.21045,0.00455,-0.03716,1.57986,1.14100
SPY250620C00615000,SPY,2025-06-20,615.00,call,5.80,6.25,6.17,296,6.34,1235,1,5802,2024-05-06,0.11526,0.19036,0.00431,-0.03435,1.48740,1.03431
SPY250620C00620000,SPY,2025-06-20,620.00,call,5.47,5.46,5.38,508,5.55,1365,13,7873,2024-05-06,0.11465,0.17143,0.00405,-0.03161,1.39288,0.93344
SPY250620C00625000,SPY,2025-06-20,625.00,call,4.61,4.76,4.68,496,4.85,1477,13,14252,2024-05-06,0.11419,0.15406,0.00380,-0.02902,1.29935,0.84045
SPY250620C00630000,SPY,2025-06-20,630.00,call,4.01,4.15,4.07,295,4.23,1543,2,11676,2024-05-06,0.11388,0.13824,0.00354,-0.02660,1.20814,0.75546
SPY250620C00635000,SPY,2025-06-20,635.00,call,3.50,3.62,3.53,1587,3.70,1683,19,22885,2024-05-06,0.11358,0.12360,0.00328,-0.02428,1.11819,0.67657
SPY250620C00640000,SPY,2025-06-20,640.00,call,3.14,3.15,3.08,793,3.21,2262,7,28950,2024-05-06,0.11343,0.11045,0.00304,-0.02215,1.03250,0.60548
SPY250620C00645000,SPY,2025-06-20,645.00,call,2.46,2.74,2.68,2159,2.79,983,0,23629,2024-05-06,0.11327,0.09839,0.00280,-0.02014,0.94952,0.54013
SPY250620C00650000,SPY,2025-06-20,650.00,call,2.36,2.38,2.34,208,2.43,1900,29,23793,2024-05-06,0.11312,0.08738,0.00256,-0.01824,0.86972,0.48031
SPY250620C00655000,SPY,2025-06-20,655.00,call,2.00,2.06,2.03,953,2.10,1,28,18230,2024-05-06,0.11297,0.07736,0.00234,-0.01647,0.79349,0.42578
SPY250620C00660000,SPY,2025-06-20,660.00,call,1.80,1.80,1.75,3819,1.85,3475,12,1884,2024-05-06,0.11312,0.06885,0.00214,-0.01494,0.72578,0.37933
SPY250620C00665000,SPY,2025-06-20,665.00,call,1.43,1.58,1.53,1061,1.62,2913,1,205,2024-05-06,0.11343,0.06143,0.00195,-0.01359,0.66431,0.33875
SPY250620C00670000,SPY,2025-06-20,670.00,call,1.28,1.38,1.33,5314,1.42,1958,2,103,2024-05-06,0.11373,0.05474,0.00178,-0.01234,0.60673,0.30209
SPY250620C00675000,SPY,2025-06-20,675.00,call,0.93,1.21,1.17,4131,1.24,1321,0,87,2024-05-06,0.11404,0.04871,0.00162,-0.01119,0.55301,0.26905
SPY250620C00680000,SPY,2025-06-20,680.00,call,1.02,1.06,1.02,5581,1.10,3107,2,314,2024-05-06,0.11434,0.04330,0.00147,-0.01013,0.50306,0.23933
SPY250620C00685000,SPY,2025-06-20,685.00,call,0.80,0.94,0.90,2272,0.97,2171,0,111,2024-05-06,0.11495,0.03886,0.00134,-0.00925,0.46085,0.21493
SPY250620C00690000,SPY,2025-06-20,690.00,call,0.78,0.83,0.80,1443,0.86,3045,7,163,2024-05-06,0.11541,0.03468,0.00121,-0.00840,0.41991,0.19193
SPY250620C00695000,SPY,2025-06-20,695.00,call,0.65,0.73,0.71,3039,0.76,169,0,17,2024-05-06,0.11587,0.03094,0.00110,-0.00763,0.38216,0.17131
SPY250620C00700000,SPY,2025-06-20,700.00,call,0.48,0.66,0.63,1801,0.68,362,0,458,2024-05-06,0.11678,0.02810,0.00101,-0.00705,0.35280,0.15562
SPY250620C00705000,SPY,2025-06-20,705.00,call,1.01,0.58,0.56,1181,0.61,2462,0,7,2024-05-06,0.11709,0.02491,0.00091,-0.00635,0.31899,0.13803
SPY250620C00710000,SPY,2025-06-20,710.00,call,0.53,0.52,0.49,2037,0.55,2735,1,324,2024-05-06,0.11785,0.02250,0.00083,-0.00583,0.29286,0.12473
SPY250620C00715000,SPY,2025-06-20,715.00,call,0.34,0.46,0.44,2053,0.49,341,0,506,2024-05-06,0.11831,0.02007,0.00075,-0.00528,0.26583,0.11129
SPY250620C00720000,SPY,2025-06-20,720.00,call,0.36,0.41,0.40,1733,0.42,50,0,101,2024-05-06,0.11907,0.01815,0.00068,-0.00485,0.24403,0.10066
SPY250620C00725000,SPY,2025-06-20,725.00,call,0.28,0.38,0.35,2358,0.40,2493,0,197,2024-05-06,0.12029,0.01678,0.00063,-0.00456,0.22821,0.09306
SPY250620C00730000,SPY,2025-06-20,730.00,call,0.32,0.34,0.32,2074,0.36,243,0,58,2024-05-06,0.12090,0.01509,0.00058,-0.00416,0.20841,0.08374
SPY250620C00735000,SPY,2025-06-20,735.00,call,0.25,0.31,0.28,2037,0.33,2505,0,8,2024-05-06,0.12181,0.01379,0.00053,-0.00386,0.19280,0.07651
SPY250620C00740000,SPY,2025-06-20,740.00,call,0.50,0.28,0.25,2479,0.30,2499,0,6,2024-05-06,0.12257,0.01251,0.00048,-0.00355,0.17731,0.06946
SPY250620C00745000,SPY,2025-06-20,745.00,call,0.25,0.25,0.23,2037,0.27,2214,0,60,2024-05-06,0.12318,0.01128,0.00044,-0.00325,0.16204,0.06263
SPY250620C00750000,SPY,2025-06-20,750.00,call,0.20,0.23,0.22,1,0.24,6,84,1357,2024-05-06,0.12410,0.01034,0.00040,-0.00302,0.15018,0.05740
SPY250620C00755000,SPY,2025-06-20,755.00,call,0.17,0.21,0.18,2037,0.23,2456,0,30,2024-05-06,0.12501,0.00948,0.00037,-0.00281,0.13931,0.05267
SPY250620C00760000,SPY,2025-06-20,760.00,call,0.20,0.18,0.16,2539,0.21,2214,0,18,2024-05-06,0.12486,0.00822,0.00033,-0.00246,0.12287,0.04567
SPY250620C00765000,SPY,2025-06-20,765.00,call,0.14,0.17,0.15,2037,0.19,2026,2,71,2024-05-06,0.12623,0.00775,0.00031,-0.00236,0.11667,0.04305
SPY250620C00770000,SPY,2025-06-20,770.00,call,0.15,0.15,0.13,2545,0.18,2214,20,52,2024-05-06,0.12654,0.00689,0.00028,-0.00212,0.10519,0.03829
SPY250620C00775000,SPY,2025-06-20,775.00,call,0.14,0.14,0.12,2507,0.16,2214,20,149,2024-05-06,0.12776,0.00646,0.00026,-0.00201,0.09937,0.03590
SPY250620C00780000,SPY,2025-06-20,780.00,call,0.13,0.13,0.11,2037,0.15,2214,0,51,2024-05-06,0.12867,0.00596,0.00024,-0.00188,0.09253,0.03312
SPY250620C00785000,SPY,2025-06-20,785.00,call,0.12,0.12,0.10,10,0.14,2214,0,10263,2024-05-06,0.12959,0.00551,0.00022,-0.00176,0.08625,0.03060
SPY250919C00150000,SPY,2025-09-19,150.00,call,0.00,370.10,367.70,50,372.50,45,0,0,2024-05-06,0.02269,1.00000,0.00000,-0.02036,0.00000,1.91365
SPY250919C00155000,SPY,2025-09-19,155.00,call,0.00,365.19,363.27,96,367.12,95,0,0,2024-05-06,0.02238,1.00000,0.00000,-0.02104,0.00000,1.97744
SPY250919C00160000,SPY,2025-09-19,160.00,call,0.00,361.00,358.50,70,363.50,70,0,0,2024-05-06,0.02207,1.00000,0.00000,-0.02172,0.00000,2.04123
SPY250919C00165000,SPY,2025-09-19,165.00,call,0.00,355.95,354.02,146,357.88,96,0,0,2024-05-06,0.02176,1.00000,0.00000,-0.02239,0.00000,2.10502
SPY250919C00170000,SPY,2025-09-19,170.00,call,0.00,351.33,349.40,146,353.26,96,0,0,2024-05-06,0.02145,1.00000,0.00000,-0.02307,0.00000,2.16881
SPY250919C00175000,SPY,2025-09-19,175.00,call,0.00,346.72,344.79,146,348.65,96,0,0,2024-05-06,0.02114,1.00000,0.00000,-0.02375,0.00000,2.23260
SPY250919C00180000,SPY,2025-09-19,180.00,call,0.00,342.11,340.18,97,344.03,96,0,0,2024-05-06,0.02083,1.00000,0.00000,-0.02443,0.00000,2.29638
SPY250919C00185000,SPY,2025-09-19,185.00,call,0.00,337.50,335.57,97,339.42,96,0,0,2024-05-06,0.02052,1.00000,0.00000,-0.02511,0.00000,2.36017
SPY250919C00190000,SPY,2025-09-19,190.00,call,0.00,332.88,330.96,97,334.81,96,0,0,2024-05-06,0.02021,1.00000,0.00000,-0.02579,0.00000,2.42396
SPY250919C00195000,SPY,2025-09-19,195.00,call,0.00,328.27,326.35,97,330.20,96,0,0,2024-05-06,0.01990,1.00000,0.00000,-0.02647,0.00000,2.48775
SPY250919C00200000,SPY,2025-09-19,200.00,call,0.00,324.00,321.50,70,326.50,70,0,0,2024-05-06,0.01959,1.00000,0.00000,-0.02715,0.00000,2.55154
SPY250919C00205000,SPY,2025-09-19,205.00,call,0.00,319.05,317.12,146,320.98,96,0,0,2024-05-06,0.01928,1.00000,0.00000,-0.02782,0.00000,2.61533
SPY250919C00210000,SPY,2025-09-19,210.00,call,0.00,314.45,312.52,146,316.38,96,0,0,2024-05-06,0.01897,1.00000,0.00000,-0.02850,0.00000,2.67911
SPY250919C00215000,SPY,2025-09-19,215.00,call,0.00,309.85,307.92,97,311.78,96,0,0,2024-05-06,0.01867,1.00000,0.00000,-0.02918,0.00000,2.74290
SPY250919C00220000,SPY,2025-09-19,220.00,call,0.00,305.25,303.32,97,307.18,96,0,0,2024-05-06,0.01836,1.00000,0.00000,-0.02986,0.00000,2.80669
SPY250919C00225000,SPY,2025-09-19,225.00,call,0.00,300.65,298.72,146,302.58,96,0,0,2024-05-06,0.01805,1.00000,0.00000,-0.03054,0.00000,2.87048
SPY250919C00230000,SPY,2025-09-19,230.00,call,0.00,296.06,294.13,97,297.98,96,0,0,2024-05-06,0.01774,1.00000,0.00000,-0.03122,0.00000,2.93427
SPY250919C00235000,SPY,2025-09-19,235.00,call,277.23,291.46,289.53,146,293.39,96,0,0,2024-05-06,0.01743,1.00000,0.00000,-0.03190,0.00000,2.99806
SPY250919C00240000,SPY,2025-09-19,240.00,call,0.00,286.87,284.94,146,288.80,96,0,0,2024-05-06,0.01712,1.00000,0.00000,-0.03257,0.00000,3.06185
SPY250919C00245000,SPY,2025-09-19,245.00,call,0.00,282.27,280.34,146,284.20,96,0,0,2024-05-06,0.01681,1.00000,0.00000,-0.03325,0.00000,3.12563
SPY250919C00250000,SPY,2025-09-19,250.00,call,0.00,277.69,275.76,146,279.62,96,0,0,2024-05-06,0.01650,1.00000,0.00000,-0.03393,0.00000,3.18942
SPY250919C00255000,SPY,2025-09-19,255.00,call,0.00,273.11,271.18,146,275.04,96,0,0,2024-05-06,0.01619,1.00000,0.00000,-0.03461,0.00000,3.25321
SPY250919C00260000,SPY,2025-09-19,260.00,call,0.00,268.53,266.60,146,270.46,96,0,0,2024-05-06,0.01588,1.00000,0.00000,-0.03529,0.00000,3.31700
SPY250919C00265000,SPY,2025-09-19,265.00,call,0.00,263.96,262.03,146,265.89,96,0,0,2024-05-06,0.01557,1.00000,0.00000,-0.03597,0.00000,3.38079
SPY250919C00270000,SPY,2025-09-19,270.00,call,0.00,259.39,257.47,50,261.32,96,0,0,2024-05-06,0.01526,1.00000,0.00000,-0.03665,0.00000,3.44458
SPY250919C00275000,SPY,2025-09-19,275.00,call,0.00,254.84,252.93,50,256.76,96,0,0,2024-05-06,0.01495,1.00000,0.00000,-0.03732,0.00000,3.50836
SPY250919C00280000,SPY,2025-09-19,280.00,call,0.00,250.29,248.38,50,252.20,96,0,0,2024-05-06,0.01464,1.00000,0.00000,-0.03800,0.00000,3.57215
SPY250919C00285000,SPY,2025-09-19,285.00,call,0.00,245.74,243.85,50,247.63,97,0,0,2024-05-06,0.01433,1.00000,0.00000,-0.03868,0.00000,3.63594
SPY250919C00290000,SPY,2025-09-19,290.00,call,0.00,241.19,239.31,50,243.08,97,0,0,2024-05-06,0.01402,1.00000,0.00000,-0.03936,0.00000,3.69973
SPY250919C00295000,SPY,2025-09-19,295.00,call,0.00,236.66,234.78,50,238.53,97,0,0,2024-05-06,0.01371,1.00000,0.00000,-0.04004,0.00000,3.76352
SPY250919C00300000,SPY,2025-09-19,300.00,call,0.00,232.13,230.26,50,234.00,97,0,0,2024-05-06,0.01340,1.00000,0.00000,-0.04072,0.00000,3.82731
SPY250919C00305000,SPY,2025-09-19,305.00,call,0.00,227.61,225.74,50,229.47,97,0,0,2024-05-06,0.01309,1.00000,0.00000,-0.04140,0.00000,3.89110
SPY250919C00310000,SPY,2025-09-19,310.00,call,0.00,223.09,221.24,50,224.94,97,0,0,2024-05-06,0.01279,1.00000,0.00000,-0.04207,0.00000,3.95488
SPY250919C00315000,SPY,2025-09-19,315.00,call,0.00,218.58,216.73,50,220.43,97,0,0,2024-05-06,0.01248,1.00000,0.00000,-0.04275,0.00000,4.01867
SPY250919C00320000,SPY,2025-09-19,320.00,call,0.00,214.07,212.24,50,215.90,96,0,0,2024-05-06,0.01217,1.00000,0.00000,-0.04343,0.00000,4.08246
SPY250919C00325000,SPY,2025-09-19,325.00,call,0.00,209.57,207.75,50,211.39,98,0,0,2024-05-06,0.01186,1.00000,0.00000,-0.04411,0.00000,4.14625
SPY250919C00330000,SPY,2025-09-19,330.00,call,0.00,205.09,203.27,50,206.90,98,0,0,2024-05-06,0.01155,1.00000,0.00000,-0.04479,0.00000,4.21004
SPY250919C00335000,SPY,2025-09-19,335.00,call,0.00,200.61,198.80,50,202.41,98,0,0,2024-05-06,0.01124,1.00000,0.00000,-0.04547,0.00000,4.27383
SPY250919C00340000,SPY,2025-09-19,340.00,call,0.00,196.12,194.34,50,197.91,50,0,0,2024-05-06,0.01093,1.00000,0.00000,-0.04615,0.00000,4.33761
SPY250919C00345000,SPY,2025-09-19,345.00,call,0.00,191.66,189.90,50,193.41,50,0,0,2024-05-06,0.01062,1.00000,0.00000,-0.04683,0.00000,4.40140
SPY250919C00350000,SPY,2025-09-19,350.00,call,170.09,187.19,185.46,50,188.92,50,0,3,2024-05-06,0.01031,1.00000,0.00000,-0.04750,0.00000,4.46519
SPY250919C00355000,SPY,2025-09-19,355.00,call,0.00,182.75,181.04,50,184.45,50,0,0,2024-05-06,0.01000,1.00000,0.00000,-0.04818,0.00000,4.52898
SPY250919C00360000,SPY,2025-09-19,360.00,call,0.00,178.31,176.63,50,179.98,50,0,0,2024-05-06,0.00969,1.00000,0.00000,-0.04886,0.00000,4.59277
SPY250919C00365000,SPY,2025-09-19,365.00,call,0.00,173.88,172.23,50,175.53,50,0,0,2024-05-06,0.00938,1.00000,0.00000,-0.04954,0.00000,4.65656
SPY250919C00370000,SPY,2025-09-19,370.00,call,0.00,169.47,167.85,50,171.10,50,0,0,2024-05-06,0.00907,1.00000,0.00000,-0.05022,0.00000,4.72034
SPY250919C00375000,SPY,2025-09-19,375.00,call,0.00,165.09,163.49,50,166.68,50,0,0,2024-05-06,0.00876,1.00000,0.00000,-0.05090,0.00000,4.78413
SPY250919C00380000,SPY,2025-09-19,380.00,call,0.00,160.71,159.14,50,162.28,50,0,0,2024-05-06,0.00845,1.00000,0.00000,-0.05158,0.00000,4.84792
SPY250919C00385000,SPY,2025-09-19,385.00,call,146.86,156.36,154.81,50,157.90,50,0,8,2024-05-06,0.00814,1.00000,0.00000,-0.05225,0.00000,4.91171
SPY250919C00390000,SPY,2025-09-19,390.00,call,0.00,152.03,150.51,50,153.55,50,0,0,2024-05-06,0.00783,1.00000,0.00000,-0.05293,0.00000,4.97550
SPY250919C00395000,SPY,2025-09-19,395.00,call,0.00,147.72,146.22,50,149.21,50,0,0,2024-05-06,0.00752,1.00000,0.00000,-0.05361,0.00000,5.03929
SPY250919C00400000,SPY,2025-09-19,400.00,call,131.43,143.43,141.96,50,144.89,50,0,4,2024-05-06,0.00721,1.00000,0.00000,-0.05429,0.00000,5.10308
SPY250919C00405000,SPY,2025-09-19,405.00,call,134.86,139.16,137.72,50,140.60,50,0,1,2024-05-06,0.00691,1.00000,0.00000,-0.05497,0.00000,5.16686
SPY250919C00410000,SPY,2025-09-19,410.00,call,124.28,134.93,133.51,50,136.34,50,0,1,2024-05-06,0.00660,1.00000,0.00000,-0.05565,0.00000,5.23065
SPY250919C00415000,SPY,2025-09-19,415.00,call,0.00,130.72,129.33,50,132.10,50,0,0,2024-05-06,0.00629,1.00000,0.00000,-0.05633,0.00000,5.29444
SPY250919C00420000,SPY,2025-09-19,420.00,call,132.83,126.54,125.18,50,127.90,50,0,1,2024-05-06,0.11175,0.98627,0.00052,-0.05829,0.21235,5.25622
SPY250919C00425000,SPY,2025-09-19,425.00,call,110.50,122.38,121.05,50,123.72,50,0,5,2024-05-06,0.12395,0.97258,0.00084,-0.06022,0.38214,5.21622
SPY250919C00430000,SPY,2025-09-19,430.00,call,120.96,118.27,116.96,50,119.58,50,0,0,2024-05-06,0.13111,0.95970,0.00109,-0.06199,0.52470,5.18128
SPY250919C00435000,SPY,2025-09-19,435.00,call,105.99,114.19,112.91,50,115.47,50,0,200,2024-05-06,0.13568,0.94748,0.00131,-0.06359,0.64911,5.15067
SPY250919C00440000,SPY,2025-09-19,440.00,call,104.08,110.15,108.89,50,111.40,50,0,2,2024-05-06,0.13904,0.93518,0.00150,-0.06508,0.76575,5.11889
SPY250919C00445000,SPY,2025-09-19,445.00,call,109.29,106.14,104.91,50,107.37,50,0,0,2024-05-06,0.14132,0.92298,0.00169,-0.06645,0.87423,5.08749
SPY250919C00450000,SPY,2025-09-19,450.00,call,93.60,102.17,100.97,50,103.37,50,0,2,2024-05-06,0.14300,0.91052,0.00187,-0.06773,0.97861,5.05366
SPY250919C00455000,SPY,2025-09-19,455.00,call,94.14,98.25,97.07,100,99.42,100,0,375,2024-05-06,0.14437,0.89750,0.00205,-0.06894,1.08141,5.01508
SPY250919C00460000,SPY,2025-09-19,460.00,call,97.54,94.36,93.21,100,95.52,100,0,2,2024-05-06,0.14513,0.88442,0.00222,-0.07001,1.17890,4.97578
SPY250919C00465000,SPY,2025-09-19,465.00,call,83.57,90.53,89.40,100,91.65,100,0,3,2024-05-06,0.14574,0.87072,0.00239,-0.07101,1.27539,4.93112
SPY250919C00470000,SPY,2025-09-19,470.00,call,83.55,86.74,85.64,100,87.84,128,0,7,2024-05-06,0.14605,0.85662,0.00256,-0.07190,1.36896,4.88314
SPY250919C00475000,SPY,2025-09-19,475.00,call,86.24,83.00,81.92,100,84.08,127,0,0,2024-05-06,0.14605,0.84217,0.00273,-0.07268,1.45939,4.83208
SPY250919C00480000,SPY,2025-09-19,480.00,call,75.27,79.31,78.26,100,80.37,126,0,1,2024-05-06,0.14590,0.82717,0.00290,-0.07335,1.54774,4.77633
SPY250919C00485000,SPY,2025-09-19,485.00,call,63.93,75.68,74.65,100,76.71,125,0,1,2024-05-06,0.14559,0.81163,0.00306,-0.07391,1.63365,4.71597
SPY250919C00490000,SPY,2025-09-19,490.00,call,63.17,72.10,71.10,100,73.11,125,0,7,2024-05-06,0.14513,0.79555,0.00323,-0.07435,1.71679,4.65108
SPY250919C00495000,SPY,2025-09-19,495.00,call,65.63,68.58,67.60,100,69.57,125,0,8,2024-05-06,0.14452,0.77895,0.00339,-0.07466,1.79688,4.58170
SPY250919C00500000,SPY,2025-09-19,500.00,call,61.53,65.13,64.17,100,66.09,125,0,419,2024-05-06,0.14376,0.76181,0.00356,-0.07484,1.87363,4.50782
SPY250919C00505000,SPY,2025-09-19,505.00,call,59.50,61.73,60.80,100,62.67,125,1,31,2024-05-06,0.14300,0.74398,0.00372,-0.07490,1.94743,4.42782
SPY250919C00510000,SPY,2025-09-19,510.00,call,54.86,58.41,57.49,300,59.32,300,0,43,2024-05-06,0.14209,0.72562,0.00388,-0.07481,2.01715,4.34335
SPY250919C00515000,SPY,2025-09-19,515.00,call,54.76,55.14,54.25,300,56.04,300,8,12,2024-05-06,0.14102,0.70673,0.00403,-0.07457,2.08250,4.25434
SPY250919C00520000,SPY,2025-09-19,520.00,call,42.28,51.95,51.09,348,52.82,378,0,10,2024-05-06,0.13995,0.68716,0.00418,-0.07419,2.14358,4.15934
SPY250919C00525000,SPY,2025-09-19,525.00,call,47.64,48.84,48.00,351,49.69,379,3,44,2024-05-06,0.13888,0.66695,0.00432,-0.07367,2.19979,4.05853
SPY250919C00530000,SPY,2025-09-19,530.00,call,44.80,45.81,44.99,354,46.63,387,1,13,2024-05-06,0.13766,0.64621,0.00446,-0.07298,2.25039,3.95321
SPY250919C00535000,SPY,2025-09-19,535.00,call,39.48,42.87,42.06,355,43.67,350,0,6,2024-05-06,0.13645,0.62487,0.00459,-0.07213,2.29516,3.84229
SPY250919C00540000,SPY,2025-09-19,540.00,call,37.32,40.00,39.22,452,40.79,488,0,58,2024-05-06,0.13523,0.60296,0.00471,-0.07113,2.33356,3.72601
SPY250919C00545000,SPY,2025-09-19,545.00,call,30.03,37.36,37.06,171,37.66,472,0,11,2024-05-06,0.13446,0.58047,0.00480,-0.07007,2.36513,3.60278
SPY250919C00550000,SPY,2025-09-19,550.00,call,33.85,34.70,34.40,211,35.00,918,3,260,2024-05-06,0.13309,0.55764,0.00490,-0.06873,2.38917,3.47777
SPY250919C00555000,SPY,2025-09-19,555.00,call,26.53,32.11,31.82,120,32.41,942,0,10,2024-05-06,0.13172,0.53437,0.00499,-0.06724,2.40545,3.34812
SPY250919C00560000,SPY,2025-09-19,560.00,call,26.75,29.66,29.37,120,29.95,940,0,20,2024-05-06,0.13050,0.51075,0.00505,-0.06563,2.41354,3.21417
SPY250919C00565000,SPY,2025-09-19,565.00,call,21.21,27.29,27.00,797,27.58,942,0,4,2024-05-06,0.12913,0.48679,0.00510,-0.06383,2.41309,3.07674
SPY250919C00570000,SPY,2025-09-19,570.00,call,22.77,25.03,24.74,171,25.32,923,0,16,2024-05-06,0.12776,0.46257,0.00514,-0.06188,2.40378,2.93606
SPY250919C00575000,SPY,2025-09-19,575.00,call,18.43,22.91,22.62,193,23.19,939,0,65,2024-05-06,0.12638,0.43818,0.00515,-0.05980,2.38537,2.79266
SPY250919C00580000,SPY,2025-09-19,580.00,call,20.05,20.88,20.59,899,21.16,920,2,31,2024-05-06,0.12516,0.41388,0.00514,-0.05762,2.35794,2.64788
SPY250919C00585000,SPY,2025-09-19,585.00,call,18.45,18.98,18.70,941,19.25,956,2,363,2024-05-06,0.12395,0.38964,0.00511,-0.05533,2.32143,2.50201
SPY250919C00590000,SPY,2025-09-19,590.00,call,16.80,17.21,16.94,931,17.48,958,230,1243,2024-05-06,0.12273,0.36554,0.00506,-0.05294,2.27595,2.35570
SPY250919C00595000,SPY,2025-09-19,595.00,call,15.45,15.55,15.28,907,15.82,959,854,1024,2024-05-06,0.12166,0.34195,0.00499,-0.05050,2.22236,2.21096
SPY250919C00600000,SPY,2025-09-19,600.00,call,13.50,14.02,13.76,933,14.28,953,8,1435,2024-05-06,0.12059,0.31873,0.00489,-0.04800,2.16068,2.06747
SPY250919C00605000,SPY,2025-09-19,605.00,call,12.02,12.63,12.37,1353,12.89,1259,74,1391,2024-05-06,0.11968,0.29629,0.00477,-0.04550,2.09235,1.92757
SPY250919C00610000,SPY,2025-09-19,610.00,call,11.01,11.34,11.08,172,11.59,1360,2,5,2024-05-06,0.11892,0.27475,0.00463,-0.04302,2.01849,1.79231
SPY250919C00615000,SPY,2025-09-19,615.00,call,7.94,10.14,9.90,171,10.39,124,0,17,2024-05-06,0.11800,0.25358,0.00448,-0.04047,1.93768,1.65876
SPY250919C00620000,SPY,2025-09-19,620.00,call,8.62,9.09,8.85,1372,9.32,1220,2,5,2024-05-06,0.11739,0.23382,0.00431,-0.03804,1.85465,1.53321
SPY250919C00625000,SPY,2025-09-19,625.00,call,5.84,8.12,7.89,134,8.34,115,0,55,2024-05-06,0.11678,0.21490,0.00413,-0.03563,1.76788,1.41239
SPY250919C00630000,SPY,2025-09-19,630.00,call,5.20,7.23,7.01,101,7.45,110,0,724,2024-05-06,0.11617,0.19685,0.00394,-0.03325,1.67818,1.29661
SPY250919C00635000,SPY,2025-09-19,635.00,call,4.60,6.44,6.21,1406,6.66,1314,0,1599,2024-05-06,0.11571,0.18006,0.00375,-0.03099,1.58837,1.18839
SPY250919C00640000,SPY,2025-09-19,640.00,call,4.84,5.73,5.52,1423,5.95,1307,0,1928,2024-05-06,0.11541,0.16455,0.00355,-0.02885,1.49966,1.08801
SPY250919C00645000,SPY,2025-09-19,645.00,call,4.33,5.08,4.87,1414,5.30,1318,0,1924,2024-05-06,0.11495,0.14960,0.00335,-0.02670,1.40860,0.99103
SPY250919C00650000,SPY,2025-09-19,650.00,call,3.94,4.50,4.31,1362,4.70,101,0,1874,2024-05-06,0.11465,0.13594,0.00314,-0.02470,1.32027,0.90203
SPY250919C00655000,SPY,2025-09-19,655.00,call,3.82,4.01,3.82,1424,4.20,1310,400,810,2024-05-06,0.11449,0.12353,0.00295,-0.02285,1.23558,0.82091
SPY250919C00660000,SPY,2025-09-19,660.00,call,3.02,3.54,3.45,2771,3.62,715,0,5,2024-05-06,0.11419,0.11165,0.00275,-0.02101,1.15020,0.74311
SPY250919C00665000,SPY,2025-09-19,665.00,call,3.07,3.15,3.06,3695,3.23,1287,2,4,2024-05-06,0.11419,0.10129,0.00256,-0.01940,1.07212,0.67502
SPY250919C00670000,SPY,2025-09-19,670.00,call,2.73,2.80,2.73,2596,2.87,804,2,7,2024-05-06,0.11419,0.09172,0.00238,-0.01787,0.99673,0.61200
SPY250919C00675000,SPY,2025-09-19,675.00,call,2.41,2.46,2.40,101,2.53,2738,2,5,2024-05-06,0.11404,0.08260,0.00221,-0.01636,0.92168,0.55180
SPY250919C00680000,SPY,2025-09-19,680.00,call,2.15,2.19,2.13,1991,2.25,3004,2,6,2024-05-06,0.11404,0.07450,0.00204,-0.01500,0.85236,0.49828
SPY250919C00685000,SPY,2025-09-19,685.00,call,1.91,1.95,1.90,3396,2.01,1632,4,0,2024-05-06,0.11434,0.06765,0.00189,-0.01385,0.79147,0.45282
SPY250919C00690000,SPY,2025-09-19,690.00,call,0.00,1.75,1.69,4287,1.80,1780,0,0,2024-05-06,0.11465,0.06137,0.00175,-0.01277,0.73380,0.41114
SPY250919C00695000,SPY,2025-09-19,695.00,call,0.00,1.55,1.50,5327,1.60,2261,0,0,2024-05-06,0.11480,0.05538,0.00161,-0.01171,0.67689,0.37131
SPY250919C00700000,SPY,2025-09-19,700.00,call,1.24,1.40,1.34,4010,1.46,2778,0,9,2024-05-06,0.11526,0.05040,0.00149,-0.01082,0.62811,0.33811
SPY250919C00705000,SPY,2025-09-19,705.00,call,1.21,1.25,1.20,2472,1.29,3537,0,50,2024-05-06,0.11556,0.04562,0.00137,-0.00995,0.57998,0.30628
SPY250919C00710000,SPY,2025-09-19,710.00,call,0.00,1.12,1.08,1689,1.17,3553,0,0,2024-05-06,0.11587,0.04127,0.00126,-0.00913,0.53489,0.27725
SPY250919C00715000,SPY,2025-09-19,715.00,call,0.00,1.02,0.97,2110,1.06,4179,0,0,2024-05-06,0.11663,0.03792,0.00117,-0.00852,0.49938,0.25488
SPY250919C00720000,SPY,2025-09-19,720.00,call,0.00,0.91,0.87,3436,0.95,3690,0,0,2024-05-06,0.11693,0.03429,0.00107,-0.00782,0.45983,0.23060
SPY250919C00725000,SPY,2025-09-19,725.00,call,0.00,0.82,0.79,1531,0.86,4074,0,0,2024-05-06,0.11739,0.03117,0.00099,-0.00721,0.42505,0.20972
SPY250919C00730000,SPY,2025-09-19,730.00,call,1.12,0.75,0.72,1200,0.78,1729,0,0,2024-05-06,0.11815,0.02868,0.00092,-0.00673,0.39665,0.19300
SPY250919C00735000,SPY,2025-09-19,735.00,call,0.00,0.68,0.65,1729,0.71,1024,0,0,2024-05-06,0.11861,0.02608,0.00084,-0.00621,0.36642,0.17558
SPY250919C00740000,SPY,2025-09-19,740.00,call,0.48,0.62,0.59,1605,0.65,1729,0,10,2024-05-06,0.11937,0.02402,0.00078,-0.00580,0.34201,0.16175
SPY250919C00745000,SPY,2025-09-19,745.00,call,0.00,0.56,0.53,1740,0.59,1729,0,0,2024-05-06,0.11983,0.02185,0.00072,-0.00534,0.31582,0.14722
SPY250919C00750000,SPY,2025-09-19,750.00,call,0.83,0.51,0.48,1729,0.54,1729,0,70,2024-05-06,0.12044,0.02002,0.00066,-0.00496,0.29322,0.13490
SPY250919C00755000,SPY,2025-09-19,755.00,call,0.00,0.47,0.44,1729,0.50,1729,0,0,2024-05-06,0.12120,0.01847,0.00062,-0.00464,0.27387,0.12451
SPY250919C00760000,SPY,2025-09-19,760.00,call,0.00,0.43,0.40,1729,0.46,1729,0,0,2024-05-06,0.12181,0.01694,0.00057,-0.00431,0.25438,0.11422
SPY250919C00765000,SPY,2025-09-19,765.00,call,0.00,0.40,0.37,1807,0.42,1729,0,0,2024-05-06,0.12273,0.01577,0.00053,-0.00406,0.23924,0.10633
SPY250919C00770000,SPY,2025-09-19,770.00,call,0.68,0.36,0.33,1807,0.39,1729,0,3,2024-05-06,0.12318,0.01438,0.00049,-0.00375,0.22097,0.09698
SPY250919C00775000,SPY,2025-09-19,775.00,call,0.30,0.33,0.30,1729,0.36,1729,0,35,2024-05-06,0.12379,0.01321,0.00045,-0.00349,0.20541,0.08912
SPY250919C00780000,SPY,2025-09-19,780.00,call,0.29,0.31,0.28,1250,0.33,1729,0,126,2024-05-06,0.12486,0.01242,0.00043,-0.00332,0.19481,0.08382
SPY251219C00150000,SPY,2025-12-19,150.00,call,368.21,370.53,368.06,100,373.00,45,1,600,2024-05-06,0.01921,1.00000,0.00000,-0.02009,0.00000,2.23139
SPY251219C00155000,SPY,2025-12-19,155.00,call,320.47,365.75,363.49,100,368.00,45,0,4,2024-05-06,0.01894,1.00000,0.00000,-0.02076,0.00000,2.30577
SPY251219C00160000,SPY,2025-12-19,160.00,call,368.54,361.21,358.92,100,363.50,45,0,29,2024-05-06,0.01868,1.00000,0.00000,-0.02143,0.00000,2.38015
SPY251219C00165000,SPY,2025-12-19,165.00,call,349.97,356.67,354.34,100,359.00,45,0,2,2024-05-06,0.01842,1.00000,0.00000,-0.02210,0.00000,2.45453
SPY251219C00170000,SPY,2025-12-19,170.00,call,345.34,351.90,349.97,195,353.83,95,0,37,2024-05-06,0.01816,1.00000,0.00000,-0.02277,0.00000,2.52891
SPY251219C00175000,SPY,2025-12-19,175.00,call,325.55,347.34,345.41,196,349.27,96,0,26,2024-05-06,0.01790,1.00000,0.00000,-0.02344,0.00000,2.60329
SPY251219C00180000,SPY,2025-12-19,180.00,call,243.25,342.79,340.86,97,344.72,96,0,35,2024-05-06,0.01763,1.00000,0.00000,-0.02411,0.00000,2.67767
SPY251219C00185000,SPY,2025-12-19,185.00,call,0.00,338.24,336.31,97,340.16,96,0,0,2024-05-06,0.01737,1.00000,0.00000,-0.02478,0.00000,2.75205
SPY251219C00190000,SPY,2025-12-19,190.00,call,277.00,333.68,331.75,196,335.61,96,0,31,2024-05-06,0.01711,1.00000,0.00000,-0.02545,0.00000,2.82643
SPY251219C00195000,SPY,2025-12-19,195.00,call,231.76,329.13,327.20,196,331.06,96,0,1,2024-05-06,0.01685,1.00000,0.00000,-0.02612,0.00000,2.90081
SPY251219C00200000,SPY,2025-12-19,200.00,call,313.65,324.59,322.66,97,326.51,96,0,160,2024-05-06,0.01659,1.00000,0.00000,-0.02679,0.00000,2.97519
SPY251219C00205000,SPY,2025-12-19,205.00,call,299.10,320.04,318.11,196,321.97,96,0,10,2024-05-06,0.01632,1.00000,0.00000,-0.02746,0.00000,3.04957
SPY251219C00210000,SPY,2025-12-19,210.00,call,313.28,315.50,313.57,97,317.42,96,2,1301,2024-05-06,0.01606,1.00000,0.00000,-0.02813,0.00000,3.12395
SPY251219C00215000,SPY,2025-12-19,215.00,call,262.17,310.95,309.02,196,312.89,96,0,16,2024-05-06,0.01580,1.00000,0.00000,-0.02880,0.00000,3.19833
SPY251219C00220000,SPY,2025-12-19,220.00,call,264.56,306.41,304.48,196,308.34,96,0,5,2024-05-06,0.01554,1.00000,0.00000,-0.02947,0.00000,3.27271
SPY251219C00225000,SPY,2025-12-19,225.00,call,301.37,301.88,299.95,196,303.81,96,0,45,2024-05-06,0.01528,1.00000,0.00000,-0.03014,0.00000,3.34709
SPY251219C00230000,SPY,2025-12-19,230.00,call,292.70,297.35,295.42,97,299.27,96,0,5,2024-05-06,0.01501,1.00000,0.00000,-0.03080,0.00000,3.42147
SPY251219C00235000,SPY,2025-12-19,235.00,call,213.50,292.81,290.89,97,294.74,96,0,2,2024-05-06,0.01475,1.00000,0.00000,-0.03147,0.00000,3.49585
SPY251219C00240000,SPY,2025-12-19,240.00,call,285.01,288.28,286.36,196,290.21,96,0,12,2024-05-06,0.01449,1.00000,0.00000,-0.03214,0.00000,3.57023
SPY251219C00245000,SPY,2025-12-19,245.00,call,289.12,283.77,281.84,196,285.70,96,0,21,2024-05-06,0.01423,1.00000,0.00000,-0.03281,0.00000,3.64461
SPY251219C00250000,SPY,2025-12-19,250.00,call,265.04,279.25,277.32,196,281.18,96,0,136,2024-05-06,0.01397,1.00000,0.00000,-0.03348,0.00000,3.71899
SPY251219C00255000,SPY,2025-12-19,255.00,call,197.25,274.74,272.81,97,276.67,96,0,1,2024-05-06,0.01371,1.00000,0.00000,-0.03415,0.00000,3.79337
SPY251219C00260000,SPY,2025-12-19,260.00,call,242.35,270.23,268.30,97,272.15,96,0,7,2024-05-06,0.01344,1.00000,0.00000,-0.03482,0.00000,3.86775
SPY251219C00265000,SPY,2025-12-19,265.00,call,245.30,265.72,263.79,196,267.65,96,0,5,2024-05-06,0.01318,1.00000,0.00000,-0.03549,0.00000,3.94213
SPY251219C00270000,SPY,2025-12-19,270.00,call,240.92,261.22,259.29,196,263.15,96,0,13,2024-05-06,0.01292,1.00000,0.00000,-0.03616,0.00000,4.01651
SPY251219C00275000,SPY,2025-12-19,275.00,call,238.00,256.73,254.80,97,258.66,96,0,49,2024-05-06,0.01266,1.00000,0.00000,-0.03683,0.00000,4.09089
SPY251219C00280000,SPY,2025-12-19,280.00,call,261.40,252.24,250.31,197,254.17,97,0,61,2024-05-06,0.01240,1.00000,0.00000,-0.03750,0.00000,4.16527
SPY251219C00285000,SPY,2025-12-19,285.00,call,242.29,247.75,245.83,98,249.68,97,0,88,2024-05-06,0.01213,1.00000,0.00000,-0.03817,0.00000,4.23965
SPY251219C00290000,SPY,2025-12-19,290.00,call,224.80,243.28,241.35,197,245.21,97,0,50,2024-05-06,0.01187,1.00000,0.00000,-0.03884,0.00000,4.31403
SPY251219C00295000,SPY,2025-12-19,295.00,call,229.87,238.81,236.88,197,240.74,97,0,3,2024-05-06,0.01161,1.00000,0.00000,-0.03951,0.00000,4.38841
SPY251219C00300000,SPY,2025-12-19,300.00,call,231.00,234.35,232.42,98,236.28,97,9,313,2024-05-06,0.01135,1.00000,0.00000,-0.04018,0.00000,4.46279
SPY251219C00305000,SPY,2025-12-19,305.00,call,227.75,229.90,227.97,98,231.83,97,2,13,2024-05-06,0.01109,1.00000,0.00000,-0.04085,0.00000,4.53717
SPY251219C00310000,SPY,2025-12-19,310.00,call,211.64,225.45,223.52,98,227.38,97,0,32,2024-05-06,0.01082,1.00000,0.00000,-0.04152,0.00000,4.61155
SPY251219C00315000,SPY,2025-12-19,315.00,call,205.74,221.01,219.08,198,222.94,98,0,63,2024-05-06,0.01056,1.00000,0.00000,-0.04219,0.00000,4.68593
SPY251219C00320000,SPY,2025-12-19,320.00,call,213.57,216.58,214.65,198,218.51,98,0,59,2024-05-06,0.01030,1.00000,0.00000,-0.04286,0.00000,4.76031
SPY251219C00325000,SPY,2025-12-19,325.00,call,216.55,212.16,210.23,98,214.09,98,0,58,2024-05-06,0.01004,1.00000,0.00000,-0.04353,0.00000,4.83469
SPY251219C00330000,SPY,2025-12-19,330.00,call,207.64,207.75,205.82,98,209.68,98,0,76,2024-05-06,0.00978,1.00000,0.00000,-0.04420,0.00000,4.90907
SPY251219C00335000,SPY,2025-12-19,335.00,call,197.10,203.35,201.42,98,205.28,98,0,41,2024-05-06,0.00951,1.00000,0.00000,-0.04487,0.00000,4.98344
SPY251219C00340000,SPY,2025-12-19,340.00,call,188.70,198.96,197.03,99,200.89,99,0,42,2024-05-06,0.00925,1.00000,0.00000,-0.04554,0.00000,5.05782
SPY251219C00345000,SPY,2025-12-19,345.00,call,188.92,194.59,192.66,99,196.52,99,0,31,2024-05-06,0.00899,1.00000,0.00000,-0.04621,0.00000,5.13220
SPY251219C00350000,SPY,2025-12-19,350.00,call,184.61,190.23,188.30,99,192.15,99,0,684,2024-05-06,0.00873,1.00000,0.00000,-0.04688,0.00000,5.20658
SPY251219C00355000,SPY,2025-12-19,355.00,call,174.00,185.88,183.95,99,187.81,99,0,42,2024-05-06,0.00847,1.00000,0.00000,-0.04755,0.00000,5.28096
SPY251219C00360000,SPY,2025-12-19,360.00,call,180.10,181.55,179.62,100,183.48,100,0,596,2024-05-06,0.00820,1.00000,0.00000,-0.04822,0.00000,5.35534
SPY251219C00365000,SPY,2025-12-19,365.00,call,162.41,177.23,175.30,200,179.16,100,0,35,2024-05-06,0.00794,1.00000,0.00000,-0.04889,0.00000,5.42972
SPY251219C00370000,SPY,2025-12-19,370.00,call,159.73,172.93,171.00,200,174.86,100,0,113,2024-05-06,0.00768,1.00000,0.00000,-0.04956,0.00000,5.50410
SPY251219C00375000,SPY,2025-12-19,375.00,call,159.61,168.65,166.72,101,170.58,101,0,197,2024-05-06,0.00742,1.00000,0.00000,-0.05023,0.00000,5.57848
SPY251219C00380000,SPY,2025-12-19,380.00,call,163.26,164.39,162.46,101,166.32,101,2,902,2024-05-06,0.00716,1.00000,0.00000,-0.05089,0.00000,5.65286
SPY251219C00385000,SPY,2025-12-19,385.00,call,158.40,160.14,158.21,202,162.07,102,4,392,2024-05-06,0.00689,1.00000,0.00000,-0.05156,0.00000,5.72724
SPY251219C00390000,SPY,2025-12-19,390.00,call,147.80,155.92,153.99,102,157.85,102,0,1295,2024-05-06,0.00663,1.00000,0.00000,-0.05223,0.00000,5.80162
SPY251219C00395000,SPY,2025-12-19,395.00,call,140.10,151.72,149.79,103,153.65,100,0,1025,2024-05-06,0.00637,1.00000,0.00000,-0.05290,0.00000,5.87600
SPY251219C00400000,SPY,2025-12-19,400.00,call,146.30,147.53,145.62,103,149.45,100,1,2920,2024-05-06,0.00611,1.00000,0.00000,-0.05357,0.00000,5.95038
SPY251219C00405000,SPY,2025-12-19,405.00,call,137.95,143.38,141.48,100,145.27,100,0,1235,2024-05-06,0.00585,1.00000,0.00000,-0.05424,0.00000,6.02476
SPY251219C00410000,SPY,2025-12-19,410.00,call,133.31,139.25,137.39,100,141.11,100,0,1993,2024-05-06,0.00558,1.00000,0.00000,-0.05491,0.00000,6.09914
SPY251219C00415000,SPY,2025-12-19,415.00,call,122.80,135.16,133.33,100,136.98,100,0,1325,2024-05-06,0.00532,1.00000,0.00000,-0.05558,0.00000,6.17352
SPY251219C00420000,SPY,2025-12-19,420.00,call,127.02,131.09,129.30,100,132.88,100,0,881,2024-05-06,0.00506,1.00000,0.00000,-0.05625,0.00000,6.24790
SPY251219C00425000,SPY,2025-12-19,425.00,call,121.03,127.06,125.30,100,128.81,100,0,1501,2024-05-06,0.10108,0.98783,0.00048,-0.05774,0.20803,6.21556
SPY251219C00430000,SPY,2025-12-19,430.00,call,111.20,123.05,121.33,100,124.77,100,0,1778,2024-05-06,0.11556,0.97176,0.00085,-0.05949,0.42571,6.14596
SPY251219C00435000,SPY,2025-12-19,435.00,call,106.50,119.08,117.39,100,120.77,100,0,2279,2024-05-06,0.12334,0.95756,0.00111,-0.06104,0.59477,6.09136
SPY251219C00440000,SPY,2025-12-19,440.00,call,113.50,115.16,113.50,100,116.81,100,1,1686,2024-05-06,0.12867,0.94392,0.00133,-0.06246,0.74318,6.04059
SPY251219C00445000,SPY,2025-12-19,445.00,call,100.81,111.25,109.63,100,112.88,100,0,1876,2024-05-06,0.13218,0.93105,0.00153,-0.06373,0.87306,5.99624
SPY251219C00450000,SPY,2025-12-19,450.00,call,103.31,107.40,105.81,100,108.99,100,0,6530,2024-05-06,0.13492,0.91803,0.00171,-0.06492,0.99617,5.94971
SPY251219C00455000,SPY,2025-12-19,455.00,call,98.27,103.58,102.02,100,105.14,100,0,6483,2024-05-06,0.13705,0.90484,0.00188,-0.06602,1.11328,5.90107
SPY251219C00460000,SPY,2025-12-19,460.00,call,87.00,99.81,98.28,100,101.33,100,0,929,2024-05-06,0.13873,0.89142,0.00204,-0.06703,1.22558,5.84960
SPY251219C00465000,SPY,2025-12-19,465.00,call,85.18,96.07,94.58,100,97.56,100,0,1586,2024-05-06,0.13980,0.87805,0.00220,-0.06792,1.33101,5.79840
SPY251219C00470000,SPY,2025-12-19,470.00,call,88.20,92.38,90.92,125,93.84,100,0,3397,2024-05-06,0.14056,0.86438,0.00236,-0.06872,1.43287,5.74386
SPY251219C00475000,SPY,2025-12-19,475.00,call,78.50,88.73,87.30,125,90.17,100,0,1839,2024-05-06,0.14117,0.85022,0.00251,-0.06945,1.53240,5.68423
SPY251219C00480000,SPY,2025-12-19,480.00,call,79.66,85.14,83.74,125,86.54,100,0,1543,2024-05-06,0.14148,0.83582,0.00266,-0.07007,1.62783,5.62198
SPY251219C00485000,SPY,2025-12-19,485.00,call,77.79,81.59,80.22,125,82.96,100,0,1165,2024-05-06,0.14163,0.82098,0.00281,-0.07059,1.72037,5.55516
SPY251219C00490000,SPY,2025-12-19,490.00,call,75.07,78.09,76.75,125,79.44,100,0,771,2024-05-06,0.14163,0.80572,0.00295,-0.07102,1.80974,5.48395
SPY251219C00495000,SPY,2025-12-19,495.00,call,64.88,74.64,73.33,125,75.96,100,0,839,2024-05-06,0.14132,0.79025,0.00310,-0.07133,1.89467,5.41057
SPY251219C00500000,SPY,2025-12-19,500.00,call,69.50,71.26,69.97,125,72.55,100,1,2205,2024-05-06,0.14117,0.77400,0.00324,-0.07156,1.97803,5.32883
SPY251219C00505000,SPY,2025-12-19,505.00,call,67.19,67.92,66.66,125,69.19,100,1,1968,2024-05-06,0.14056,0.75771,0.00338,-0.07165,2.05572,5.24704
SPY251219C00510000,SPY,2025-12-19,510.00,call,62.40,64.64,63.41,100,65.88,100,1,1346,2024-05-06,0.14010,0.74068,0.00351,-0.07165,2.13103,5.15715
SPY251219C00515000,SPY,2025-12-19,515.00,call,61.27,61.23,60.73,1,61.74,3,25,805,2024-05-06,0.13858,0.72418,0.00367,-0.07141,2.19834,5.07419
SPY251219C00520000,SPY,2025-12-19,520.00,call,49.50,58.27,57.08,225,59.46,125,0,1771,2024-05-06,0.13873,0.70546,0.00378,-0.07128,2.26826,4.96527
SPY251219C00525000,SPY,2025-12-19,525.00,call,51.50,55.19,54.02,227,56.35,125,0,1413,2024-05-06,0.13782,0.68725,0.00391,-0.07090,2.32985,4.86313
SPY251219C00530000,SPY,2025-12-19,530.00,call,46.07,52.17,51.03,217,53.31,125,0,872,2024-05-06,0.13705,0.66840,0.00402,-0.07043,2.38709,4.75371
SPY251219C00535000,SPY,2025-12-19,535.00,call,46.22,49.22,48.10,226,50.34,125,0,619,2024-05-06,0.13599,0.64927,0.00414,-0.06980,2.43862,4.64168
SPY251219C00540000,SPY,2025-12-19,540.00,call,46.00,46.36,45.26,207,47.45,125,1,799,2024-05-06,0.13507,0.62956,0.00425,-0.06907,2.48489,4.52286
SPY251219C00545000,SPY,2025-12-19,545.00,call,40.59,43.55,42.48,243,44.63,125,0,650,2024-05-06,0.13401,0.60948,0.00435,-0.06819,2.52509,4.40005
SPY251219C00550000,SPY,2025-12-19,550.00,call,39.67,41.03,40.60,427,41.47,456,7,2200,2024-05-06,0.13370,0.58884,0.00442,-0.06733,2.55919,4.26800
SPY251219C00555000,SPY,2025-12-19,555.00,call,35.62,38.41,37.98,434,38.85,51,0,624,2024-05-06,0.13263,0.56806,0.00451,-0.06621,2.58626,4.13636
SPY251219C00560000,SPY,2025-12-19,560.00,call,35.37,35.88,35.45,120,36.31,407,10,2248,2024-05-06,0.13157,0.54694,0.00458,-0.06498,2.60636,4.00040
SPY251219C00565000,SPY,2025-12-19,565.00,call,32.80,33.43,33.00,447,33.86,300,9,608,2024-05-06,0.13035,0.52549,0.00464,-0.06359,2.61919,3.86078
SPY251219C00570000,SPY,2025-12-19,570.00,call,30.28,31.07,30.65,456,31.50,422,5,511,2024-05-06,0.12928,0.50382,0.00469,-0.06212,2.62442,3.71718
SPY251219C00575000,SPY,2025-12-19,575.00,call,28.60,28.81,28.39,464,29.24,324,2,295,2024-05-06,0.12806,0.48188,0.00473,-0.06050,2.62183,3.57035
SPY251219C00580000,SPY,2025-12-19,580.00,call,24.49,26.66,26.23,474,27.08,501,0,321,2024-05-06,0.12699,0.45988,0.00475,-0.05881,2.61126,3.42089
SPY251219C00585000,SPY,2025-12-19,585.00,call,23.57,24.59,24.18,136,25.01,452,2,3095,2024-05-06,0.12593,0.43783,0.00476,-0.05701,2.59261,3.26935
SPY251219C00590000,SPY,2025-12-19,590.00,call,19.84,22.64,22.23,531,23.06,589,0,850,2024-05-06,0.12486,0.41578,0.00475,-0.05512,2.56585,3.11627
SPY251219C00595000,SPY,2025-12-19,595.00,call,17.58,20.79,20.38,542,21.20,541,0,271,2024-05-06,0.12379,0.39381,0.00472,-0.05313,2.53100,2.96218
SPY251219C00600000,SPY,2025-12-19,600.00,call,18.55,19.05,18.65,560,19.45,493,129,3922,2024-05-06,0.12273,0.37196,0.00468,-0.05107,2.48818,2.80765
SPY251219C00605000,SPY,2025-12-19,605.00,call,15.44,17.42,17.03,397,17.81,509,0,540,2024-05-06,0.12181,0.35057,0.00462,-0.04899,2.43821,2.65475
SPY251219C00610000,SPY,2025-12-19,610.00,call,13.87,15.89,15.50,238,16.28,527,0,122,2024-05-06,0.12090,0.32950,0.00455,-0.04685,2.38102,2.50297
SPY251219C00615000,SPY,2025-12-19,615.00,call,14.07,14.47,14.09,470,14.85,547,52,169,2024-05-06,0.12013,0.30909,0.00446,-0.04472,2.31796,2.35473
SPY251219C00620000,SPY,2025-12-19,620.00,call,12.81,13.15,12.78,743,13.53,704,110,479,2024-05-06,0.11922,0.28885,0.00436,-0.04250,2.24772,2.20698
SPY251219C00625000,SPY,2025-12-19,625.00,call,11.64,11.94,11.57,774,12.30,668,154,595,2024-05-06,0.11861,0.26975,0.00424,-0.04038,2.17422,2.06633
SPY251219C00630000,SPY,2025-12-19,630.00,call,10.56,10.84,10.51,538,11.18,848,564,164,2024-05-06,0.11800,0.25125,0.00410,-0.03826,2.09613,1.92941
SPY251219C00635000,SPY,2025-12-19,635.00,call,8.61,9.80,9.48,585,10.13,635,0,74,2024-05-06,0.11739,0.23340,0.00396,-0.03614,2.01404,1.79660
SPY251219C00640000,SPY,2025-12-19,640.00,call,8.58,8.86,8.54,620,9.17,855,2,77,2024-05-06,0.11693,0.21658,0.00381,-0.03411,1.93045,1.67075
SPY251219C00645000,SPY,2025-12-19,645.00,call,7.70,7.98,7.67,659,8.29,892,28,155,2024-05-06,0.11632,0.20012,0.00366,-0.03203,1.84246,1.54717
SPY251219C00650000,SPY,2025-12-19,650.00,call,7.00,7.19,6.90,701,7.48,748,134,5145,2024-05-06,0.11587,0.18474,0.00350,-0.03006,1.75455,1.43119
SPY251219C00655000,SPY,2025-12-19,655.00,call,5.74,6.47,6.19,746,6.76,974,0,530,2024-05-06,0.11541,0.17012,0.00333,-0.02812,1.66550,1.32044
SPY251219C00660000,SPY,2025-12-19,660.00,call,5.47,5.82,5.55,795,6.09,1020,8,1498,2024-05-06,0.11510,0.15661,0.00317,-0.02631,1.57833,1.21771
SPY251219C00665000,SPY,2025-12-19,665.00,call,5.15,5.22,4.95,1929,5.50,1912,2,136,2024-05-06,0.11480,0.14385,0.00300,-0.02455,1.49141,1.12039
SPY251219C00670000,SPY,2025-12-19,670.00,call,3.39,4.73,4.47,913,4.99,1469,0,163,2024-05-06,0.11480,0.13255,0.00284,-0.02298,1.41049,1.03378
SPY251219C00675000,SPY,2025-12-19,675.00,call,3.29,4.23,3.96,662,4.50,430,0,75,2024-05-06,0.11449,0.12125,0.00268,-0.02135,1.32564,0.94714
SPY251219C00680000,SPY,2025-12-19,680.00,call,4.52,3.79,3.69,1096,3.89,961,0,40,2024-05-06,0.11419,0.11066,0.00251,-0.01978,1.24235,0.86575
SPY251219C00685000,SPY,2025-12-19,685.00,call,2.83,3.41,3.32,700,3.50,1359,0,689,2024-05-06,0.11419,0.10144,0.00236,-0.01841,1.16664,0.79456
SPY251219C00690000,SPY,2025-12-19,690.00,call,2.45,3.06,2.98,739,3.15,1400,0,57,2024-05-06,0.11404,0.09252,0.00221,-0.01704,1.09045,0.72568
SPY251219C00695000,SPY,2025-12-19,695.00,call,4.20,2.76,2.68,777,2.84,1442,0,14,2024-05-06,0.11419,0.08487,0.00207,-0.01586,1.02250,0.66629
SPY251219C00700000,SPY,2025-12-19,700.00,call,2.40,2.48,2.42,973,2.55,1460,100,465,2024-05-06,0.11419,0.07746,0.00193,-0.01469,0.95443,0.60882
SPY251219C00705000,SPY,2025-12-19,705.00,call,2.03,2.23,2.17,1384,2.30,1523,0,13,2024-05-06,0.11434,0.07090,0.00180,-0.01364,0.89200,0.55774
SPY251219C00710000,SPY,2025-12-19,710.00,call,1.69,2.02,1.96,890,2.08,1562,0,38,2024-05-06,0.11449,0.06483,0.00168,-0.01265,0.83243,0.51045
SPY251219C00715000,SPY,2025-12-19,715.00,call,2.00,1.82,1.77,1136,1.88,1219,0,21,2024-05-06,0.11465,0.05922,0.00156,-0.01171,0.77573,0.46673
SPY251219C00720000,SPY,2025-12-19,720.00,call,1.90,1.66,1.60,1185,1.71,1633,0,24,2024-05-06,0.11510,0.05457,0.00146,-0.01094,0.72731,0.43030
SPY251219C00725000,SPY,2025-12-19,725.00,call,2.38,1.50,1.45,1061,1.55,1664,0,18,2024-05-06,0.11541,0.05003,0.00136,-0.01017,0.67886,0.39479
SPY251219C00730000,SPY,2025-12-19,730.00,call,1.03,1.36,1.32,1242,1.41,1225,0,133,2024-05-06,0.11571,0.04585,0.00126,-0.00945,0.63308,0.36206
SPY251219C00735000,SPY,2025-12-19,735.00,call,1.22,1.25,1.20,1429,1.29,1721,0,260,2024-05-06,0.11617,0.04223,0.00118,-0.00882,0.59242,0.33362
SPY251219C00740000,SPY,2025-12-19,740.00,call,1.98,1.14,1.09,1948,1.18,1750,0,99,2024-05-06,0.11663,0.03889,0.00110,-0.00823,0.55413,0.30741
SPY251219C00745000,SPY,2025-12-19,745.00,call,1.28,1.04,0.99,1948,1.08,1779,0,46,2024-05-06,0.11709,0.03582,0.00102,-0.00767,0.51813,0.28327
SPY251219C00750000,SPY,2025-12-19,750.00,call,0.70,0.95,0.91,1717,0.99,1839,0,219,2024-05-06,0.11754,0.03300,0.00095,-0.00716,0.48430,0.26105
SPY251219C00755000,SPY,2025-12-19,755.00,call,0.67,0.87,0.83,1504,0.91,1887,0,9,2024-05-06,0.11800,0.03040,0.00089,-0.00668,0.45256,0.24059
SPY251219C00760000,SPY,2025-12-19,760.00,call,1.21,0.80,0.76,1948,0.84,1979,0,326,2024-05-06,0.11861,0.02818,0.00083,-0.00627,0.42495,0.22309
SPY251219C00765000,SPY,2025-12-19,765.00,call,0.70,0.73,0.70,1948,0.77,1945,0,66,2024-05-06,0.11892,0.02581,0.00077,-0.00581,0.39492,0.20445
SPY251219C00770000,SPY,2025-12-19,770.00,call,0.57,0.68,0.64,1948,0.71,1754,0,58,2024-05-06,0.11968,0.02410,0.00072,-0.00549,0.37281,0.19090
SPY251219C00775000,SPY,2025-12-19,775.00,call,0.57,0.62,0.59,1948,0.66,2077,0,16,2024-05-06,0.12013,0.02222,0.00067,-0.00512,0.34825,0.17612
SPY251219C00780000,SPY,2025-12-19,780.00,call,0.54,0.57,0.54,1948,0.61,2181,8,53,2024-05-06,0.12059,0.02050,0.00062,-0.00478,0.32528,0.16252
SPY251219C00785000,SPY,2025-12-19,785.00,call,0.48,0.53,0.50,1948,0.56,1754,0,49,2024-05-06,0.12135,0.01918,0.00059,-0.00452,0.30736,0.15204
SPY260116C00210000,SPY,2026-01-16,210.00,call,299.59,315.53,313.61,251,317.46,250,0,85,2024-05-06,0.01534,1.00000,0.00000,-0.02801,0.00000,3.25836
SPY260116C00215000,SPY,2026-01-16,215.00,call,267.50,311.00,309.07,251,312.92,250,0,11,2024-05-06,0.01509,1.00000,0.00000,-0.02868,0.00000,3.33593
SPY260116C00220000,SPY,2026-01-16,220.00,call,273.36,306.46,304.53,251,308.39,250,0,3,2024-05-06,0.01484,1.00000,0.00000,-0.02935,0.00000,3.41351
SPY260116C00225000,SPY,2026-01-16,225.00,call,281.02,301.93,300.00,251,303.86,250,0,5,2024-05-06,0.01459,1.00000,0.00000,-0.03001,0.00000,3.49109
SPY260116C00230000,SPY,2026-01-16,230.00,call,252.00,297.40,295.47,251,299.33,250,0,30,2024-05-06,0.01434,1.00000,0.00000,-0.03068,0.00000,3.56867
SPY260116C00235000,SPY,2026-01-16,235.00,call,246.48,292.87,290.94,252,294.80,251,0,9,2024-05-06,0.01409,1.00000,0.00000,-0.03135,0.00000,3.64625
SPY260116C00240000,SPY,2026-01-16,240.00,call,247.00,288.35,286.41,252,290.28,251,0,9,2024-05-06,0.01384,1.00000,0.00000,-0.03201,0.00000,3.72383
SPY260116C00245000,SPY,2026-01-16,245.00,call,253.00,283.83,281.90,351,285.76,251,0,6,2024-05-06,0.01359,1.00000,0.00000,-0.03268,0.00000,3.80141
SPY260116C00250000,SPY,2026-01-16,250.00,call,267.80,279.32,277.39,252,281.25,251,0,36,2024-05-06,0.01334,1.00000,0.00000,-0.03335,0.00000,3.87899
SPY260116C00255000,SPY,2026-01-16,255.00,call,272.00,274.81,272.88,252,276.74,251,0,29,2024-05-06,0.01309,1.00000,0.00000,-0.03401,0.00000,3.95657
SPY260116C00260000,SPY,2026-01-16,260.00,call,268.50,270.31,268.38,252,272.24,251,0,5,2024-05-06,0.01284,1.00000,0.00000,-0.03468,0.00000,4.03415
SPY260116C00265000,SPY,2026-01-16,265.00,call,0.00,265.81,263.88,253,267.74,252,0,0,2024-05-06,0.01259,1.00000,0.00000,-0.03535,0.00000,4.11173
SPY260116C00270000,SPY,2026-01-16,270.00,call,205.90,261.31,259.39,253,263.24,252,0,1,2024-05-06,0.01234,1.00000,0.00000,-0.03601,0.00000,4.18931
SPY260116C00275000,SPY,2026-01-16,275.00,call,253.00,256.83,254.90,253,258.76,252,0,7,2024-05-06,0.01209,1.00000,0.00000,-0.03668,0.00000,4.26689
SPY260116C00280000,SPY,2026-01-16,280.00,call,258.20,252.35,250.42,253,254.28,252,0,12,2024-05-06,0.01184,1.00000,0.00000,-0.03735,0.00000,4.34447
SPY260116C00285000,SPY,2026-01-16,285.00,call,206.00,247.87,245.94,353,249.80,253,0,1,2024-05-06,0.01159,1.00000,0.00000,-0.03802,0.00000,4.42205
SPY260116C00290000,SPY,2026-01-16,290.00,call,216.50,243.41,241.48,254,245.34,253,0,115,2024-05-06,0.01134,1.00000,0.00000,-0.03868,0.00000,4.49963
SPY260116C00295000,SPY,2026-01-16,295.00,call,235.01,238.94,237.02,254,240.87,253,0,2,2024-05-06,0.01109,1.00000,0.00000,-0.03935,0.00000,4.57721
SPY260116C00300000,SPY,2026-01-16,300.00,call,221.00,234.49,232.56,354,236.42,254,0,87,2024-05-06,0.01084,1.00000,0.00000,-0.04002,0.00000,4.65479
SPY260116C00305000,SPY,2026-01-16,305.00,call,201.20,230.05,228.12,255,231.98,254,0,3,2024-05-06,0.01059,1.00000,0.00000,-0.04068,0.00000,4.73237
SPY260116C00310000,SPY,2026-01-16,310.00,call,219.00,225.61,223.68,256,227.54,255,0,9,2024-05-06,0.01034,1.00000,0.00000,-0.04135,0.00000,4.80995
SPY260116C00315000,SPY,2026-01-16,315.00,call,223.70,221.19,219.26,256,223.11,255,0,10,2024-05-06,0.01009,1.00000,0.00000,-0.04202,0.00000,4.88753
SPY260116C00320000,SPY,2026-01-16,320.00,call,204.00,215.92,214.84,256,217.00,2,0,60,2024-05-06,0.00983,1.00000,0.00000,-0.04268,0.00000,4.96511
SPY260116C00325000,SPY,2026-01-16,325.00,call,195.50,212.36,210.43,257,214.29,256,0,44,2024-05-06,0.00958,1.00000,0.00000,-0.04335,0.00000,5.04269
SPY260116C00330000,SPY,2026-01-16,330.00,call,212.00,207.96,206.03,258,209.89,257,0,5,2024-05-06,0.00933,1.00000,0.00000,-0.04402,0.00000,5.12027
SPY260116C00335000,SPY,2026-01-16,335.00,call,200.61,203.57,201.64,357,205.50,257,0,32,2024-05-06,0.00908,1.00000,0.00000,-0.04468,0.00000,5.19785
SPY260116C00340000,SPY,2026-01-16,340.00,call,206.21,199.20,197.27,258,201.13,258,0,7,2024-05-06,0.00883,1.00000,0.00000,-0.04535,0.00000,5.27543
SPY260116C00345000,SPY,2026-01-16,345.00,call,200.00,194.84,192.91,258,196.77,258,0,4,2024-05-06,0.00858,1.00000,0.00000,-0.04602,0.00000,5.35301
SPY260116C00350000,SPY,2026-01-16,350.00,call,184.00,190.50,188.57,259,192.43,259,0,181,2024-05-06,0.00833,1.00000,0.00000,-0.04669,0.00000,5.43059
SPY260116C00355000,SPY,2026-01-16,355.00,call,178.63,186.17,184.24,260,188.10,260,0,8,2024-05-06,0.00808,1.00000,0.00000,-0.04735,0.00000,5.50817
SPY260116C00360000,SPY,2026-01-16,360.00,call,177.30,181.85,179.92,261,183.78,261,0,13,2024-05-06,0.00783,1.00000,0.00000,-0.04802,0.00000,5.58575
SPY260116C00365000,SPY,2026-01-16,365.00,call,178.50,177.55,175.62,262,179.48,262,0,18,2024-05-06,0.00758,1.00000,0.00000,-0.04869,0.00000,5.66333
SPY260116C00370000,SPY,2026-01-16,370.00,call,169.60,172.64,171.34,263,173.95,1,0,74,2024-05-06,0.00733,1.00000,0.00000,-0.04935,0.00000,5.74091
SPY260116C00375000,SPY,2026-01-16,375.00,call,173.64,169.01,167.08,264,170.94,264,0,181,2024-05-06,0.00708,1.00000,0.00000,-0.05002,0.00000,5.81849
SPY260116C00380000,SPY,2026-01-16,380.00,call,159.50,164.76,162.83,365,166.69,265,0,16,2024-05-06,0.00683,1.00000,0.00000,-0.05069,0.00000,5.89607
SPY260116C00385000,SPY,2026-01-16,385.00,call,166.93,160.54,158.61,266,162.47,266,0,36,2024-05-06,0.00658,1.00000,0.00000,-0.05135,0.00000,5.97365
SPY260116C00390000,SPY,2026-01-16,390.00,call,157.83,156.34,154.41,267,158.27,267,0,19,2024-05-06,0.00633,1.00000,0.00000,-0.05202,0.00000,6.05123
SPY260116C00395000,SPY,2026-01-16,395.00,call,139.86,152.16,150.23,369,154.09,269,0,43,2024-05-06,0.00608,1.00000,0.00000,-0.05269,0.00000,6.12881
SPY260116C00400000,SPY,2026-01-16,400.00,call,145.65,148.01,146.09,100,149.94,270,1,175,2024-05-06,0.00583,1.00000,0.00000,-0.05335,0.00000,6.20639
SPY260116C00405000,SPY,2026-01-16,405.00,call,140.27,143.92,142.02,100,145.82,272,0,62,2024-05-06,0.00558,1.00000,0.00000,-0.05402,0.00000,6.28397
SPY260116C00410000,SPY,2026-01-16,410.00,call,138.50,139.85,137.97,100,141.73,274,1,160,2024-05-06,0.00533,1.00000,0.00000,-0.05469,0.00000,6.36155
SPY260116C00415000,SPY,2026-01-16,415.00,call,135.00,135.81,133.95,100,137.66,276,0,103,2024-05-06,0.00508,1.00000,0.00000,-0.05536,0.00000,6.43913
SPY260116C00420000,SPY,2026-01-16,420.00,call,119.18,131.80,129.96,100,133.63,278,0,107,2024-05-06,0.00483,1.00000,0.00000,-0.05602,0.00000,6.51671
SPY260116C00425000,SPY,2026-01-16,425.00,call,123.87,127.81,126.00,100,129.62,280,0,109,2024-05-06,0.00458,1.00000,0.00000,-0.05669,0.00000,6.59429
SPY260116C00430000,SPY,2026-01-16,430.00,call,113.38,123.87,122.08,100,125.65,282,0,56,2024-05-06,0.08203,0.99555,0.00024,-0.05759,0.08768,6.63150
SPY260116C00435000,SPY,2026-01-16,435.00,call,117.91,119.95,118.19,100,121.72,284,0,33,2024-05-06,0.10687,0.97462,0.00082,-0.05944,0.39848,6.51442
SPY260116C00440000,SPY,2026-01-16,440.00,call,105.88,116.07,114.33,100,117.81,287,0,721,2024-05-06,0.11648,0.95811,0.00114,-0.06098,0.60231,6.43545
SPY260116C00445000,SPY,2026-01-16,445.00,call,105.72,112.23,110.51,100,113.95,289,0,45,2024-05-06,0.12257,0.94297,0.00139,-0.06236,0.77071,6.36782
SPY260116C00450000,SPY,2026-01-16,450.00,call,99.43,108.43,106.73,100,110.12,292,0,143,2024-05-06,0.12699,0.92831,0.00160,-0.06362,0.92069,6.30367
SPY260116C00455000,SPY,2026-01-16,455.00,call,98.28,104.66,102.98,100,106.33,295,0,73,2024-05-06,0.13004,0.91430,0.00179,-0.06474,1.05407,6.24500
SPY260116C00460000,SPY,2026-01-16,460.00,call,94.00,100.94,99.28,100,102.59,298,0,242,2024-05-06,0.13263,0.89993,0.00197,-0.06579,1.18218,6.18185
SPY260116C00465000,SPY,2026-01-16,465.00,call,96.91,97.24,95.62,100,98.86,125,10,52,2024-05-06,0.13431,0.88601,0.00213,-0.06670,1.29866,6.12268
SPY260116C00470000,SPY,2026-01-16,470.00,call,93.00,93.59,92.00,100,95.18,125,2,119,2024-05-06,0.13568,0.87174,0.00229,-0.06753,1.41098,6.05952
SPY260116C00475000,SPY,2026-01-16,475.00,call,88.50,89.98,88.42,100,91.54,125,1,294,2024-05-06,0.13675,0.85720,0.00245,-0.06827,1.51876,5.99304
SPY260116C00480000,SPY,2026-01-16,480.00,call,80.00,86.42,84.89,100,87.95,125,0,570,2024-05-06,0.13736,0.84264,0.00260,-0.06889,1.62031,5.92611
SPY260116C00485000,SPY,2026-01-16,485.00,call,79.09,82.91,81.41,100,84.41,125,0,3010,2024-05-06,0.13797,0.82744,0.00275,-0.06945,1.72004,5.85202
SPY260116C00490000,SPY,2026-01-16,490.00,call,79.00,79.44,77.98,100,80.91,125,1,413,2024-05-06,0.13812,0.81227,0.00290,-0.06987,1.81351,5.77806
SPY260116C00495000,SPY,2026-01-16,495.00,call,66.00,76.03,74.59,100,77.47,125,0,197,2024-05-06,0.13827,0.79650,0.00304,-0.07022,1.90456,5.69745
SPY260116C00500000,SPY,2026-01-16,500.00,call,72.00,72.68,71.26,100,74.09,125,5,1470,2024-05-06,0.13827,0.78036,0.00318,-0.07046,1.99160,5.61268
SPY260116C00505000,SPY,2026-01-16,505.00,call,67.93,69.38,67.99,100,70.76,125,1,751,2024-05-06,0.13812,0.76386,0.00331,-0.07059,2.07444,5.52388
SPY260116C00510000,SPY,2026-01-16,510.00,call,63.00,66.12,64.77,100,67.48,125,0,359,2024-05-06,0.13766,0.74719,0.00345,-0.07060,2.15214,5.43318
SPY260116C00515000,SPY,2026-01-16,515.00,call,61.92,62.94,61.60,100,64.27,125,3,347,2024-05-06,0.13721,0.72997,0.00358,-0.07051,2.22620,5.33636
SPY260116C00520000,SPY,2026-01-16,520.00,call,57.95,59.81,58.50,100,61.12,125,2,1827,2024-05-06,0.13675,0.71225,0.00370,-0.07032,2.29615,5.23368
SPY260116C00525000,SPY,2026-01-16,525.00,call,56.58,56.75,55.46,100,58.03,125,2,198,2024-05-06,0.13614,0.69418,0.00383,-0.07000,2.36106,5.12716
SPY260116C00530000,SPY,2026-01-16,530.00,call,45.75,53.75,52.49,100,55.01,125,0,482,2024-05-06,0.13538,0.67576,0.00395,-0.06956,2.42080,5.01671
SPY260116C00535000,SPY,2026-01-16,535.00,call,49.34,50.82,49.58,100,52.06,125,1,1968,2024-05-06,0.13462,0.65688,0.00406,-0.06900,2.47546,4.90071
SPY260116C00540000,SPY,2026-01-16,540.00,call,44.83,47.96,46.75,100,49.17,125,0,479,2024-05-06,0.13385,0.63756,0.00416,-0.06834,2.52461,4.77945
SPY260116C00545000,SPY,2026-01-16,545.00,call,42.08,45.18,43.99,100,46.37,125,0,385,2024-05-06,0.13294,0.61790,0.00426,-0.06754,2.56774,4.65439
SPY260116C00550000,SPY,2026-01-16,550.00,call,41.10,42.48,41.31,100,43.64,125,1,424,2024-05-06,0.13202,0.59784,0.00435,-0.06663,2.60470,4.52437
SPY260116C00555000,SPY,2026-01-16,555.00,call,36.91,39.76,39.02,120,40.50,125,0,199,2024-05-06,0.13080,0.57746,0.00444,-0.06555,2.63510,4.39128
SPY260116C00560000,SPY,2026-01-16,560.00,call,36.38,37.22,36.48,120,37.96,150,1,211,2024-05-06,0.12974,0.55668,0.00452,-0.06438,2.65873,4.25255
SPY260116C00565000,SPY,2026-01-16,565.00,call,34.71,34.77,34.03,120,35.51,150,6,205,2024-05-06,0.12882,0.53563,0.00458,-0.06312,2.67517,4.10915
SPY260116C00570000,SPY,2026-01-16,570.00,call,29.81,32.41,31.67,120,33.14,150,0,513,2024-05-06,0.12776,0.51431,0.00464,-0.06172,2.68416,3.96246
SPY260116C00575000,SPY,2026-01-16,575.00,call,29.60,30.14,29.41,120,30.87,132,7,290,2024-05-06,0.12684,0.49286,0.00467,-0.06024,2.68546,3.81240
SPY260116C00580000,SPY,2026-01-16,580.00,call,23.25,27.96,27.24,120,28.69,150,0,199,2024-05-06,0.12577,0.47120,0.00470,-0.05863,2.67889,3.65951
SPY260116C00585000,SPY,2026-01-16,585.00,call,23.93,25.89,25.17,120,26.61,150,0,157,2024-05-06,0.12471,0.44944,0.00471,-0.05692,2.66429,3.50415
SPY260116C00590000,SPY,2026-01-16,590.00,call,23.93,23.92,23.21,136,24.63,150,38,237,2024-05-06,0.12379,0.42780,0.00471,-0.05515,2.64179,3.34761
SPY260116C00595000,SPY,2026-01-16,595.00,call,21.70,22.05,21.35,136,22.75,150,3,221,2024-05-06,0.12288,0.40625,0.00469,-0.05330,2.61138,3.19012
SPY260116C00600000,SPY,2026-01-16,600.00,call,19.75,20.29,19.59,136,20.98,150,9,1391,2024-05-06,0.12196,0.38482,0.00465,-0.05138,2.57317,3.03222
SPY260116C00605000,SPY,2026-01-16,605.00,call,14.59,18.62,17.94,136,19.31,150,0,104,2024-05-06,0.12105,0.36360,0.00461,-0.04938,2.52734,2.87448
SPY260116C00610000,SPY,2026-01-16,610.00,call,15.56,17.06,16.39,136,17.74,150,0,248,2024-05-06,0.12029,0.34290,0.00454,-0.04738,2.47485,2.71911
SPY260116C00615000,SPY,2026-01-16,615.00,call,15.33,15.62,14.95,155,16.28,157,27,192,2024-05-06,0.11968,0.32285,0.00445,-0.04539,2.41652,2.56725
SPY260116C00620000,SPY,2026-01-16,620.00,call,14.33,14.27,13.61,275,14.92,157,0,144,2024-05-06,0.11892,0.30295,0.00436,-0.04332,2.35118,2.41590
SPY260116C00625000,SPY,2026-01-16,625.00,call,12.77,13.01,12.37,155,13.65,275,90,517,2024-05-06,0.11831,0.28384,0.00425,-0.04127,2.28123,2.26940
SPY260116C00630000,SPY,2026-01-16,630.00,call,9.57,11.85,11.22,171,12.48,275,0,150,2024-05-06,0.11770,0.26527,0.00414,-0.03922,2.20633,2.12631
SPY260116C00635000,SPY,2026-01-16,635.00,call,9.42,10.78,10.16,250,11.40,169,0,26,2024-05-06,0.11724,0.24763,0.00401,-0.03723,2.12862,1.98949
SPY260116C00640000,SPY,2026-01-16,640.00,call,8.74,9.79,9.19,171,10.40,250,0,61,2024-05-06,0.11663,0.23028,0.00387,-0.03518,2.04571,1.85448
SPY260116C00645000,SPY,2026-01-16,645.00,call,7.91,8.89,8.30,278,9.48,130,0,80,2024-05-06,0.11632,0.21430,0.00372,-0.03328,1.96345,1.72925
SPY260116C00650000,SPY,2026-01-16,650.00,call,7.61,8.06,7.48,187,8.64,246,1,898,2024-05-06,0.11587,0.19865,0.00357,-0.03135,1.87719,1.60631
SPY260116C00655000,SPY,2026-01-16,655.00,call,6.55,7.30,6.74,281,7.86,250,0,35,2024-05-06,0.11556,0.18407,0.00342,-0.02952,1.79150,1.49119
SPY260116C00660000,SPY,2026-01-16,660.00,call,5.83,6.61,6.06,206,7.16,281,0,900,2024-05-06,0.11526,0.17020,0.00326,-0.02772,1.70500,1.38133
SPY260116C00665000,SPY,2026-01-16,665.00,call,4.78,5.97,5.44,281,6.51,250,0,220,2024-05-06,0.11495,0.15705,0.00311,-0.02598,1.61822,1.27679
SPY260116C00670000,SPY,2026-01-16,670.00,call,5.13,5.40,4.89,281,5.92,285,1,212,2024-05-06,0.11480,0.14497,0.00295,-0.02435,1.53427,1.18039
SPY260116C00675000,SPY,2026-01-16,675.00,call,3.85,4.88,4.40,281,5.37,286,0,49,2024-05-06,0.11465,0.13358,0.00279,-0.02278,1.45118,1.08929
SPY260116C00680000,SPY,2026-01-16,680.00,call,3.85,4.41,3.95,240,4.87,379,0,2,2024-05-06,0.11449,0.12287,0.00264,-0.02127,1.36934,1.00340
SPY260116C00685000,SPY,2026-01-16,685.00,call,4.55,3.87,3.75,1330,3.98,1092,0,3,2024-05-06,0.11358,0.11108,0.00248,-0.01949,1.27487,0.90902
SPY260116C00690000,SPY,2026-01-16,690.00,call,3.20,3.48,3.37,1833,3.59,1149,0,4,2024-05-06,0.11343,0.10172,0.00233,-0.01811,1.19630,0.83350
SPY260116C00695000,SPY,2026-01-16,695.00,call,2.60,3.14,3.04,1889,3.24,1200,0,7,2024-05-06,0.11343,0.09331,0.00218,-0.01685,1.12291,0.76546
SPY260116C00700000,SPY,2026-01-16,700.00,call,2.58,2.83,2.73,1948,2.93,1192,0,379,2024-05-06,0.11343,0.08547,0.00205,-0.01566,1.05202,0.70200
SPY260116C00705000,SPY,2026-01-16,705.00,call,3.34,2.56,2.47,2005,2.65,1200,0,2,2024-05-06,0.11358,0.07850,0.00192,-0.01459,0.98670,0.64537
SPY260116C00710000,SPY,2026-01-16,710.00,call,2.07,2.31,2.23,2095,2.40,1200,0,112,2024-05-06,0.11373,0.07204,0.00179,-0.01357,0.92410,0.59275
SPY260116C00715000,SPY,2026-01-16,715.00,call,1.90,2.09,2.02,2152,2.17,1451,0,10,2024-05-06,0.11388,0.06604,0.00167,-0.01261,0.86426,0.54392
SPY260116C00720000,SPY,2026-01-16,720.00,call,1.90,1.91,1.83,2203,1.98,1888,0,5,2024-05-06,0.11419,0.06077,0.00157,-0.01177,0.81007,0.50087
SPY260116C00725000,SPY,2026-01-16,725.00,call,1.59,1.73,1.66,2048,1.80,1954,0,2,2024-05-06,0.11449,0.05590,0.00146,-0.01097,0.75857,0.46101
SPY260116C00730000,SPY,2026-01-16,730.00,call,1.40,1.57,1.50,2192,1.64,1200,0,1,2024-05-06,0.11465,0.05114,0.00136,-0.01017,0.70699,0.42214
SPY260116C00735000,SPY,2026-01-16,735.00,call,1.48,1.44,1.37,1912,1.50,2536,0,5,2024-05-06,0.11510,0.04723,0.00127,-0.00951,0.66349,0.39008
SPY260116C00740000,SPY,2026-01-16,740.00,call,1.15,1.31,1.25,1841,1.37,2127,0,10,2024-05-06,0.11541,0.04340,0.00118,-0.00885,0.61979,0.35863
SPY260116C00745000,SPY,2026-01-16,745.00,call,1.22,1.19,1.14,2101,1.25,1740,3,59,2024-05-06,0.11571,0.03986,0.00110,-0.00823,0.57855,0.32961
SPY260116C00750000,SPY,2026-01-16,750.00,call,1.10,1.10,1.04,2536,1.16,2206,1,122,2024-05-06,0.11632,0.03702,0.00103,-0.00774,0.54463,0.30617
SPY260116C00755000,SPY,2026-01-16,755.00,call,0.97,1.01,0.95,2536,1.07,2536,0,3,2024-05-06,0.11693,0.03439,0.00097,-0.00728,0.51272,0.28451
SPY260116C00760000,SPY,2026-01-16,760.00,call,0.80,0.93,0.87,2536,0.98,2462,0,48,2024-05-06,0.11739,0.03177,0.00090,-0.00681,0.48037,0.26299
SPY260116C00765000,SPY,2026-01-16,765.00,call,0.69,0.85,0.80,2447,0.90,1250,0,24,2024-05-06,0.11770,0.02918,0.00084,-0.00633,0.44773,0.24170
SPY260116C00770000,SPY,2026-01-16,770.00,call,1.75,0.78,0.74,1250,0.83,2177,0,3,2024-05-06,0.11815,0.02697,0.00078,-0.00592,0.41927,0.22346
SPY260116C00775000,SPY,2026-01-16,775.00,call,0.61,0.73,0.68,1250,0.77,2567,0,51,2024-05-06,0.11907,0.02541,0.00074,-0.00564,0.39887,0.21052
SPY260116C00780000,SPY,2026-01-16,780.00,call,0.54,0.67,0.63,2382,0.71,2456,0,261,2024-05-06,0.11937,0.02335,0.00069,-0.00524,0.37158,0.19357
SPY260116C00785000,SPY,2026-01-16,785.00,call,0.45,0.61,0.57,2536,0.66,1250,0,36,2024-05-06,0.11968,0.02146,0.00064,-0.00487,0.34603,0.17798
SPY260618C00250000,SPY,2026-06-18,250.00,call,0.00,281.50,279.00,70,284.00,70,0,0,2024-05-06,0.01070,1.00000,0.00000,-0.03261,0.00000,4.72938
SPY260618C00255000,SPY,2026-06-18,255.00,call,0.00,277.81,275.62,50,280.00,45,0,0,2024-05-06,0.01050,1.00000,0.00000,-0.03326,0.00000,4.82396
SPY260618C00260000,SPY,2026-06-18,260.00,call,0.00,273.34,271.18,50,275.50,45,0,0,2024-05-06,0.01030,1.00000,0.00000,-0.03391,0.00000,4.91855
SPY260618C00265000,SPY,2026-06-18,265.00,call,0.00,268.89,266.79,50,271.00,45,0,0,2024-05-06,0.01010,1.00000,0.00000,-0.03457,0.00000,5.01314
SPY260618C00270000,SPY,2026-06-18,270.00,call,0.00,264.00,261.50,70,266.50,70,0,0,2024-05-06,0.00990,1.00000,0.00000,-0.03522,0.00000,5.10773
SPY260618C00275000,SPY,2026-06-18,275.00,call,0.00,260.29,258.09,50,262.50,45,0,0,2024-05-06,0.00970,1.00000,0.00000,-0.03587,0.00000,5.20231
SPY260618C00280000,SPY,2026-06-18,280.00,call,0.00,255.85,253.70,50,258.00,45,0,0,2024-05-06,0.00950,1.00000,0.00000,-0.03652,0.00000,5.29690
SPY260618C00285000,SPY,2026-06-18,285.00,call,0.00,251.00,248.50,70,253.50,70,0,0,2024-05-06,0.00930,1.00000,0.00000,-0.03718,0.00000,5.39149
SPY260618C00290000,SPY,2026-06-18,290.00,call,0.00,247.03,245.06,50,249.00,1,0,0,2024-05-06,0.00910,1.00000,0.00000,-0.03783,0.00000,5.48608
SPY260618C00295000,SPY,2026-06-18,295.00,call,0.00,242.83,240.67,50,245.00,45,0,0,2024-05-06,0.00889,1.00000,0.00000,-0.03848,0.00000,5.58066
SPY260618C00300000,SPY,2026-06-18,300.00,call,0.00,238.00,235.50,70,240.50,70,0,0,2024-05-06,0.00869,1.00000,0.00000,-0.03913,0.00000,5.67525
SPY260618C00305000,SPY,2026-06-18,305.00,call,0.00,234.28,232.06,50,236.50,45,0,0,2024-05-06,0.00849,1.00000,0.00000,-0.03978,0.00000,5.76984
SPY260618C00310000,SPY,2026-06-18,310.00,call,0.00,229.86,227.71,50,232.00,45,0,0,2024-05-06,0.00829,1.00000,0.00000,-0.04044,0.00000,5.86443
SPY260618C00315000,SPY,2026-06-18,315.00,call,0.00,225.00,222.50,70,227.50,70,0,0,2024-05-06,0.00809,1.00000,0.00000,-0.04109,0.00000,5.95901
SPY260618C00320000,SPY,2026-06-18,320.00,call,0.00,221.32,219.14,50,223.50,45,0,0,2024-05-06,0.00789,1.00000,0.00000,-0.04174,0.00000,6.05360
SPY260618C00325000,SPY,2026-06-18,325.00,call,0.00,216.50,214.00,70,219.00,70,0,0,2024-05-06,0.00769,1.00000,0.00000,-0.04239,0.00000,6.14819
SPY260618C00330000,SPY,2026-06-18,330.00,call,0.00,212.81,210.61,50,215.00,45,0,0,2024-05-06,0.00749,1.00000,0.00000,-0.04305,0.00000,6.24278
SPY260618C00335000,SPY,2026-06-18,335.00,call,0.00,208.00,205.50,70,210.50,70,0,0,2024-05-06,0.00729,1.00000,0.00000,-0.04370,0.00000,6.33736
SPY260618C00340000,SPY,2026-06-18,340.00,call,0.00,204.31,202.12,50,206.50,45,0,0,2024-05-06,0.00709,1.00000,0.00000,-0.04435,0.00000,6.43195
SPY260618C00345000,SPY,2026-06-18,345.00,call,0.00,200.22,197.94,50,202.50,45,0,0,2024-05-06,0.00689,1.00000,0.00000,-0.04500,0.00000,6.52654
SPY260618C00350000,SPY,2026-06-18,350.00,call,0.00,195.50,193.00,70,198.00,70,0,0,2024-05-06,0.00669,1.00000,0.00000,-0.04565,0.00000,6.62113
SPY260618C00355000,SPY,2026-06-18,355.00,call,0.00,191.76,189.52,50,194.00,45,0,0,2024-05-06,0.00649,1.00000,0.00000,-0.04631,0.00000,6.71571
SPY260618C00360000,SPY,2026-06-18,360.00,call,0.00,187.45,185.40,50,189.50,1,0,0,2024-05-06,0.00629,1.00000,0.00000,-0.04696,0.00000,6.81030
SPY260618C00365000,SPY,2026-06-18,365.00,call,0.00,183.00,180.50,70,185.50,70,0,0,2024-05-06,0.00608,1.00000,0.00000,-0.04761,0.00000,6.90489
SPY260618C00370000,SPY,2026-06-18,370.00,call,0.00,179.28,177.05,50,181.50,45,0,0,2024-05-06,0.00588,1.00000,0.00000,-0.04826,0.00000,6.99948
SPY260618C00375000,SPY,2026-06-18,375.00,call,0.00,175.23,172.96,50,177.50,45,0,0,2024-05-06,0.00568,1.00000,0.00000,-0.04892,0.00000,7.09406
SPY260618C00380000,SPY,2026-06-18,380.00,call,0.00,171.19,168.88,50,173.50,45,0,0,2024-05-06,0.00548,1.00000,0.00000,-0.04957,0.00000,7.18865
SPY260618C00385000,SPY,2026-06-18,385.00,call,0.00,167.17,164.83,50,169.50,45,0,0,2024-05-06,0.00528,1.00000,0.00000,-0.05022,0.00000,7.28324
SPY260618C00390000,SPY,2026-06-18,390.00,call,0.00,162.90,160.80,50,165.00,1,0,0,2024-05-06,0.00508,1.00000,0.00000,-0.05087,0.00000,7.37783
SPY260618C00395000,SPY,2026-06-18,395.00,call,0.00,158.75,156.50,39,161.00,60,0,0,2024-05-06,0.00488,1.00000,0.00000,-0.05152,0.00000,7.47241
SPY260618C00400000,SPY,2026-06-18,400.00,call,0.00,156.12,154.75,1,157.50,45,0,0,2024-05-06,0.00468,1.00000,0.00000,-0.05218,0.00000,7.56700
SPY260618C00405000,SPY,2026-06-18,405.00,call,0.00,151.16,148.81,50,153.50,45,0,0,2024-05-06,0.00448,1.00000,0.00000,-0.05283,0.00000,7.66159
SPY260618C00410000,SPY,2026-06-18,410.00,call,0.00,147.18,144.86,50,149.50,45,0,0,2024-05-06,0.00428,1.00000,0.00000,-0.05348,0.00000,7.75618
SPY260618C00415000,SPY,2026-06-18,415.00,call,0.00,143.00,140.50,70,145.50,70,0,0,2024-05-06,0.00408,1.00000,0.00000,-0.05413,0.00000,7.85076
SPY260618C00420000,SPY,2026-06-18,420.00,call,0.00,139.03,136.57,50,141.50,70,0,0,2024-05-06,0.00388,1.00000,0.00000,-0.05478,0.00000,7.94535
SPY260618C00425000,SPY,2026-06-18,425.00,call,0.00,135.14,132.78,50,137.50,70,0,0,2024-05-06,0.00368,1.00000,0.00000,-0.05544,0.00000,8.03994
SPY260618C00430000,SPY,2026-06-18,430.00,call,0.00,131.51,129.02,50,134.00,70,0,0,2024-05-06,0.00348,1.00000,0.00000,-0.05609,0.00000,8.13453
SPY260618C00435000,SPY,2026-06-18,435.00,call,0.00,127.65,125.29,50,130.00,70,0,0,2024-05-06,0.00327,1.00000,0.00000,-0.05674,0.00000,8.22911
SPY260618C00440000,SPY,2026-06-18,440.00,call,0.00,124.05,121.59,50,126.50,70,0,0,2024-05-06,0.09361,0.98098,0.00066,-0.05800,0.34879,8.10478
SPY260618C00445000,SPY,2026-06-18,445.00,call,0.00,120.23,117.97,100,122.50,120,0,0,2024-05-06,0.10398,0.96464,0.00100,-0.05915,0.58578,8.00692
SPY260618C00450000,SPY,2026-06-18,450.00,call,0.00,117.06,115.13,1,119.00,120,0,0,2024-05-06,0.11754,0.93966,0.00135,-0.06063,0.89943,7.80073
SPY260618C00455000,SPY,2026-06-18,455.00,call,0.00,113.13,110.77,100,115.50,120,0,0,2024-05-06,0.11892,0.92951,0.00151,-0.06140,1.01474,7.77297
SPY260618C00460000,SPY,2026-06-18,460.00,call,0.00,109.58,107.16,100,112.00,110,0,0,2024-05-06,0.12288,0.91454,0.00169,-0.06232,1.17452,7.68446
SPY260618C00465000,SPY,2026-06-18,465.00,call,0.00,106.07,103.64,100,108.50,110,0,0,2024-05-06,0.12608,0.89976,0.00185,-0.06316,1.32164,7.59688
SPY260618C00470000,SPY,2026-06-18,470.00,call,0.00,102.55,100.16,100,104.93,100,0,0,2024-05-06,0.12821,0.88582,0.00200,-0.06388,1.45170,7.51904
SPY260618C00475000,SPY,2026-06-18,475.00,call,0.00,99.06,96.72,100,101.41,100,0,0,2024-05-06,0.12989,0.87192,0.00214,-0.06453,1.57397,7.44070
SPY260618C00480000,SPY,2026-06-18,480.00,call,0.00,95.62,93.32,100,97.93,100,0,0,2024-05-06,0.13126,0.85787,0.00228,-0.06510,1.69041,7.35979
SPY260618C00485000,SPY,2026-06-18,485.00,call,0.00,92.23,89.97,100,94.49,100,0,0,2024-05-06,0.13233,0.84373,0.00241,-0.06559,1.80098,7.27698
SPY260618C00490000,SPY,2026-06-18,490.00,call,0.00,88.83,86.65,100,91.00,110,0,0,2024-05-06,0.13279,0.82996,0.00254,-0.06598,1.90259,7.19881
SPY260618C00495000,SPY,2026-06-18,495.00,call,0.00,85.56,83.38,100,87.75,100,0,0,2024-05-06,0.13370,0.81505,0.00266,-0.06634,2.00633,7.10443
SPY260618C00500000,SPY,2026-06-18,500.00,call,0.00,82.30,80.15,100,84.45,100,0,0,2024-05-06,0.13416,0.80032,0.00277,-0.06660,2.10257,7.01232
SPY260618C00505000,SPY,2026-06-18,505.00,call,0.00,79.08,76.97,100,81.19,100,0,0,2024-05-06,0.13431,0.78557,0.00289,-0.06677,2.19317,6.91952
SPY260618C00510000,SPY,2026-06-18,510.00,call,0.00,75.91,73.83,100,77.99,100,0,0,2024-05-06,0.13446,0.77038,0.00300,-0.06686,2.28054,6.82037
SPY260618C00515000,SPY,2026-06-18,515.00,call,0.00,72.78,70.74,100,74.83,100,0,0,2024-05-06,0.13446,0.75498,0.00311,-0.06688,2.36333,6.71793
SPY260618C00520000,SPY,2026-06-18,520.00,call,0.00,69.72,67.70,300,71.73,300,0,0,2024-05-06,0.13431,0.73936,0.00322,-0.06680,2.44149,6.61223
SPY260618C00525000,SPY,2026-06-18,525.00,call,0.00,66.68,64.71,348,68.65,348,0,0,2024-05-06,0.13401,0.72352,0.00332,-0.06664,2.51501,6.50326
SPY260618C00530000,SPY,2026-06-18,530.00,call,0.00,63.72,61.78,347,65.66,347,0,0,2024-05-06,0.13370,0.70730,0.00342,-0.06640,2.58441,6.38860
SPY260618C00535000,SPY,2026-06-18,535.00,call,0.00,60.81,58.90,347,62.72,347,0,0,2024-05-06,0.13340,0.69074,0.00351,-0.06608,2.64935,6.26855
SPY260618C00540000,SPY,2026-06-18,540.00,call,0.00,57.95,56.07,346,59.84,346,0,0,2024-05-06,0.13279,0.67408,0.00361,-0.06565,2.70878,6.14750
SPY260618C00545000,SPY,2026-06-18,545.00,call,0.00,55.17,53.31,347,57.02,347,0,0,2024-05-06,0.13233,0.65698,0.00370,-0.06516,2.76375,6.01917
SPY260618C00550000,SPY,2026-06-18,550.00,call,0.00,52.43,50.60,348,54.26,348,0,0,2024-05-06,0.13172,0.63967,0.00378,-0.06457,2.81331,5.88777
SPY260618C00555000,SPY,2026-06-18,555.00,call,0.00,49.77,47.97,421,51.57,421,0,0,2024-05-06,0.13111,0.62207,0.00386,-0.06389,2.85753,5.75155
SPY260618C00560000,SPY,2026-06-18,560.00,call,0.00,47.16,45.39,421,48.94,421,0,0,2024-05-06,0.13050,0.60421,0.00393,-0.06313,2.89613,5.61083
SPY260618C00565000,SPY,2026-06-18,565.00,call,0.00,44.64,42.89,421,46.39,421,0,0,2024-05-06,0.12974,0.58614,0.00399,-0.06228,2.92886,5.46706
SPY260618C00570000,SPY,2026-06-18,570.00,call,0.00,42.19,40.46,919,43.91,46,0,0,2024-05-06,0.12913,0.56784,0.00405,-0.06136,2.95558,5.31818
SPY260618C00575000,SPY,2026-06-18,575.00,call,0.00,39.80,38.11,44,41.50,41,0,0,2024-05-06,0.12821,0.54932,0.00411,-0.06031,2.97609,5.16715
SPY260618C00580000,SPY,2026-06-18,580.00,call,0.00,37.50,35.83,44,39.17,41,0,0,2024-05-06,0.12760,0.53070,0.00415,-0.05923,2.99016,5.01133
SPY260618C00585000,SPY,2026-06-18,585.00,call,0.00,35.27,33.61,919,36.92,46,0,0,2024-05-06,0.12684,0.51192,0.00418,-0.05806,2.99770,4.85303
SPY260618C00590000,SPY,2026-06-18,590.00,call,0.00,33.12,31.49,919,34.75,46,0,0,2024-05-06,0.12608,0.49304,0.00421,-0.05681,2.99859,4.69200
SPY260618C00595000,SPY,2026-06-18,595.00,call,0.00,31.06,29.46,44,32.66,44,0,0,2024-05-06,0.12532,0.47411,0.00423,-0.05548,2.99273,4.52867
SPY260618C00600000,SPY,2026-06-18,600.00,call,0.00,29.08,27.50,41,30.66,41,0,0,2024-05-06,0.12456,0.45517,0.00423,-0.05410,2.98009,4.36345
SPY260618C00605000,SPY,2026-06-18,605.00,call,0.00,27.18,25.62,919,28.74,46,0,0,2024-05-06,0.12379,0.43625,0.00423,-0.05264,2.96067,4.19680
SPY260618C00610000,SPY,2026-06-18,610.00,call,0.00,25.37,23.83,919,26.91,46,0,0,2024-05-06,0.12303,0.41740,0.00422,-0.05113,2.93452,4.02914
SPY260618C00615000,SPY,2026-06-18,615.00,call,0.00,23.65,22.14,44,25.16,41,0,0,2024-05-06,0.12242,0.39886,0.00419,-0.04961,2.90213,3.86230
SPY260618C00620000,SPY,2026-06-18,620.00,call,0.00,22.01,20.52,57,23.50,41,0,0,2024-05-06,0.12166,0.38027,0.00416,-0.04800,2.86295,3.69425
SPY260618C00625000,SPY,2026-06-18,625.00,call,0.00,20.45,18.97,919,21.93,46,0,0,2024-05-06,0.12105,0.36213,0.00412,-0.04639,2.81811,3.52839
SPY260618C00630000,SPY,2026-06-18,630.00,call,0.00,18.98,17.53,41,20.44,41,0,0,2024-05-06,0.12044,0.34424,0.00407,-0.04475,2.76745,3.36378
SPY260618C00635000,SPY,2026-06-18,635.00,call,0.00,17.59,16.16,41,19.03,41,0,0,2024-05-06,0.11983,0.32665,0.00400,-0.04309,2.71125,3.20084
SPY260618C00640000,SPY,2026-06-18,640.00,call,0.00,16.29,14.87,44,17.71,44,0,0,2024-05-06,0.11922,0.30939,0.00393,-0.04140,2.64985,3.03997
SPY260618C00645000,SPY,2026-06-18,645.00,call,0.00,15.06,13.66,101,16.46,101,0,0,2024-05-06,0.11876,0.29281,0.00385,-0.03974,2.58488,2.88418
SPY260618C00650000,SPY,2026-06-18,650.00,call,0.00,13.91,12.53,101,15.29,101,0,0,2024-05-06,0.11815,0.27632,0.00377,-0.03803,2.51430,2.72875
SPY260618C00655000,SPY,2026-06-18,655.00,call,0.00,12.84,11.47,101,14.20,101,0,0,2024-05-06,0.11785,0.26094,0.00367,-0.03643,2.44293,2.58237
SPY260618C00660000,SPY,2026-06-18,660.00,call,0.00,11.83,10.48,101,13.18,101,0,0,2024-05-06,0.11739,0.24568,0.00357,-0.03477,2.36677,2.43691
SPY260618C00665000,SPY,2026-06-18,665.00,call,0.00,10.89,9.56,101,12.23,101,0,0,2024-05-06,0.11693,0.23091,0.00346,-0.03313,2.28773,2.29543
SPY260618C00670000,SPY,2026-06-18,670.00,call,0.00,10.02,8.70,101,11.34,101,0,0,2024-05-06,0.11648,0.21664,0.00335,-0.03150,2.20623,2.15814
SPY260618C00675000,SPY,2026-06-18,675.00,call,0.00,9.21,7.91,101,10.51,101,0,0,2024-05-06,0.11617,0.20325,0.00324,-0.02996,2.12503,2.02861
SPY260618C00680000,SPY,2026-06-18,680.00,call,0.00,8.46,7.18,101,9.75,101,0,0,2024-05-06,0.11587,0.19039,0.00312,-0.02843,2.04254,1.90376
SPY260618C00685000,SPY,2026-06-18,685.00,call,0.00,7.77,6.51,101,9.04,101,0,0,2024-05-06,0.11556,0.17806,0.00300,-0.02694,1.95918,1.78368
SPY260618C00690000,SPY,2026-06-18,690.00,call,0.00,7.13,5.88,1351,8.38,101,0,0,2024-05-06,0.11541,0.16664,0.00288,-0.02555,1.87805,1.67193
SPY260618C00695000,SPY,2026-06-18,695.00,call,0.00,7.02,6.25,1,7.78,1381,0,0,2024-05-06,0.11785,0.16204,0.00277,-0.02526,1.84430,1.62393
SPY260618C00700000,SPY,2026-06-18,700.00,call,0.00,6.00,4.79,101,7.21,101,0,0,2024-05-06,0.11495,0.14501,0.00264,-0.02280,1.71352,1.45960
SPY260618C00705000,SPY,2026-06-18,705.00,call,0.00,5.50,4.31,101,6.69,101,0,0,2024-05-06,0.11480,0.13517,0.00252,-0.02152,1.63358,1.36246
SPY260618C00710000,SPY,2026-06-18,710.00,call,0.00,5.04,3.87,1382,6.21,101,0,0,2024-05-06,0.11480,0.12619,0.00240,-0.02035,1.55776,1.27354
SPY260618C00715000,SPY,2026-06-18,715.00,call,0.00,4.62,3.48,101,5.77,101,0,0,2024-05-06,0.11465,0.11734,0.00228,-0.01915,1.48016,1.18584
SPY260618C00720000,SPY,2026-06-18,720.00,call,0.00,4.24,3.11,101,5.37,101,0,0,2024-05-06,0.11465,0.10932,0.00217,-0.01806,1.40725,1.10607
SPY260618C00725000,SPY,2026-06-18,725.00,call,0.00,3.89,2.78,101,5.00,101,0,0,2024-05-06,0.11465,0.10175,0.00206,-0.01701,1.33610,1.03067
SPY260618C00730000,SPY,2026-06-18,730.00,call,0.00,3.57,2.48,101,4.66,101,0,0,2024-05-06,0.11465,0.09462,0.00196,-0.01601,1.26684,0.95950
SPY260618C00735000,SPY,2026-06-18,735.00,call,0.00,3.27,2.21,101,4.34,101,0,0,2024-05-06,0.11465,0.08791,0.00185,-0.01505,1.19958,0.89240
SPY260618C00740000,SPY,2026-06-18,740.00,call,0.00,3.01,1.96,101,4.06,101,0,0,2024-05-06,0.11480,0.08191,0.00175,-0.01419,1.13772,0.83229
SPY260618C00745000,SPY,2026-06-18,745.00,call,0.00,2.77,1.74,101,3.80,101,0,0,2024-05-06,0.11495,0.07629,0.00166,-0.01336,1.07802,0.77579
SPY260618C00750000,SPY,2026-06-18,750.00,call,0.00,2.54,1.53,101,3.56,101,0,0,2024-05-06,0.11495,0.07072,0.00157,-0.01253,1.01728,0.71983
SPY261218C00200000,SPY,2026-12-18,200.00,call,324.46,327.50,325.00,70,330.00,70,0,108,2024-05-06,0.01028,1.00000,0.00000,-0.02540,0.00000,4.55582
SPY261218C00210000,SPY,2026-12-18,210.00,call,326.86,319.00,316.50,70,321.50,70,0,1,2024-05-06,0.00995,1.00000,0.00000,-0.02667,0.00000,4.78361
SPY261218C00220000,SPY,2026-12-18,220.00,call,315.00,310.50,308.00,70,313.00,70,0,1,2024-05-06,0.00963,1.00000,0.00000,-0.02794,0.00000,5.01140
SPY261218C00230000,SPY,2026-12-18,230.00,call,294.50,301.50,299.00,70,304.00,70,0,9,2024-05-06,0.00930,1.00000,0.00000,-0.02921,0.00000,5.23919
SPY261218C00240000,SPY,2026-12-18,240.00,call,300.51,293.00,290.50,70,295.50,70,0,6,2024-05-06,0.00898,1.00000,0.00000,-0.03048,0.00000,5.46698
SPY261218C00245000,SPY,2026-12-18,245.00,call,0.00,289.00,286.50,70,291.50,70,0,0,2024-05-06,0.00882,1.00000,0.00000,-0.03112,0.00000,5.58088
SPY261218C00250000,SPY,2026-12-18,250.00,call,281.65,284.50,282.00,70,287.00,70,0,45,2024-05-06,0.00865,1.00000,0.00000,-0.03175,0.00000,5.69478
SPY261218C00255000,SPY,2026-12-18,255.00,call,271.50,280.50,278.00,70,283.00,70,0,7,2024-05-06,0.00849,1.00000,0.00000,-0.03239,0.00000,5.80867
SPY261218C00260000,SPY,2026-12-18,260.00,call,273.58,276.00,273.50,70,278.50,70,0,5,2024-05-06,0.00833,1.00000,0.00000,-0.03302,0.00000,5.92257
SPY261218C00265000,SPY,2026-12-18,265.00,call,270.00,272.00,269.50,70,274.50,70,3,2,2024-05-06,0.00817,1.00000,0.00000,-0.03366,0.00000,6.03646
SPY261218C00270000,SPY,2026-12-18,270.00,call,247.37,267.50,265.00,70,270.00,70,0,6,2024-05-06,0.00801,1.00000,0.00000,-0.03429,0.00000,6.15036
SPY261218C00275000,SPY,2026-12-18,275.00,call,253.93,263.50,261.00,70,266.00,70,0,18,2024-05-06,0.00784,1.00000,0.00000,-0.03493,0.00000,6.26425
SPY261218C00280000,SPY,2026-12-18,280.00,call,250.00,259.00,256.50,70,261.50,70,0,4,2024-05-06,0.00768,1.00000,0.00000,-0.03556,0.00000,6.37815
SPY261218C00285000,SPY,2026-12-18,285.00,call,253.26,255.00,252.50,70,257.50,70,1,4,2024-05-06,0.00752,1.00000,0.00000,-0.03620,0.00000,6.49204
SPY261218C00290000,SPY,2026-12-18,290.00,call,245.17,250.50,248.00,70,253.00,70,0,10,2024-05-06,0.00736,1.00000,0.00000,-0.03683,0.00000,6.60594
SPY261218C00295000,SPY,2026-12-18,295.00,call,214.50,246.50,244.00,70,249.00,70,0,3,2024-05-06,0.00719,1.00000,0.00000,-0.03747,0.00000,6.71983
SPY261218C00300000,SPY,2026-12-18,300.00,call,239.00,242.75,240.50,2,245.00,45,0,121,2024-05-06,0.00703,1.00000,0.00000,-0.03810,0.00000,6.83373
SPY261218C00305000,SPY,2026-12-18,305.00,call,228.56,238.00,235.50,70,240.50,70,0,5,2024-05-06,0.00687,1.00000,0.00000,-0.03874,0.00000,6.94763
SPY261218C00310000,SPY,2026-12-18,310.00,call,231.84,234.00,231.50,70,236.50,70,2,78,2024-05-06,0.00671,1.00000,0.00000,-0.03937,0.00000,7.06152
SPY261218C00315000,SPY,2026-12-18,315.00,call,221.57,230.13,227.77,50,232.50,45,0,29,2024-05-06,0.00654,1.00000,0.00000,-0.04001,0.00000,7.17542
SPY261218C00320000,SPY,2026-12-18,320.00,call,212.50,225.50,223.00,70,228.00,70,0,21,2024-05-06,0.00638,1.00000,0.00000,-0.04064,0.00000,7.28931
SPY261218C00325000,SPY,2026-12-18,325.00,call,204.25,221.50,219.00,70,224.00,70,0,23,2024-05-06,0.00622,1.00000,0.00000,-0.04128,0.00000,7.40321
SPY261218C00330000,SPY,2026-12-18,330.00,call,216.00,217.50,215.00,70,220.00,70,0,30,2024-05-06,0.00606,1.00000,0.00000,-0.04191,0.00000,7.51710
SPY261218C00335000,SPY,2026-12-18,335.00,call,214.67,213.50,211.00,70,216.00,70,0,9,2024-05-06,0.00589,1.00000,0.00000,-0.04255,0.00000,7.63100
SPY261218C00340000,SPY,2026-12-18,340.00,call,204.04,209.50,207.00,70,212.00,70,0,59,2024-05-06,0.00573,1.00000,0.00000,-0.04318,0.00000,7.74489
SPY261218C00345000,SPY,2026-12-18,345.00,call,206.53,205.00,202.50,70,207.50,70,0,2,2024-05-06,0.00557,1.00000,0.00000,-0.04382,0.00000,7.85879
SPY261218C00350000,SPY,2026-12-18,350.00,call,189.00,201.00,198.50,70,203.50,70,0,105,2024-05-06,0.00541,1.00000,0.00000,-0.04445,0.00000,7.97269
SPY261218C00355000,SPY,2026-12-18,355.00,call,190.24,197.00,194.50,70,199.50,70,0,3,2024-05-06,0.00525,1.00000,0.00000,-0.04509,0.00000,8.08658
SPY261218C00360000,SPY,2026-12-18,360.00,call,184.10,193.00,190.50,70,195.50,70,0,26,2024-05-06,0.00508,1.00000,0.00000,-0.04572,0.00000,8.20048
SPY261218C00365000,SPY,2026-12-18,365.00,call,182.75,189.00,186.50,70,191.50,70,0,44,2024-05-06,0.00492,1.00000,0.00000,-0.04636,0.00000,8.31437
SPY261218C00370000,SPY,2026-12-18,370.00,call,176.20,184.82,183.04,50,186.60,1,0,126,2024-05-06,0.00476,1.00000,0.00000,-0.04699,0.00000,8.42827
SPY261218C00375000,SPY,2026-12-18,375.00,call,151.69,181.00,178.50,70,183.50,70,0,4,2024-05-06,0.00460,1.00000,0.00000,-0.04763,0.00000,8.54216
SPY261218C00380000,SPY,2026-12-18,380.00,call,174.21,177.50,175.00,70,180.00,70,0,38,2024-05-06,0.00443,1.00000,0.00000,-0.04826,0.00000,8.65606
SPY261218C00385000,SPY,2026-12-18,385.00,call,159.00,173.50,171.00,70,176.00,70,0,27,2024-05-06,0.00427,1.00000,0.00000,-0.04890,0.00000,8.76995
SPY261218C00390000,SPY,2026-12-18,390.00,call,176.50,169.50,167.00,70,172.00,70,0,134,2024-05-06,0.00411,1.00000,0.00000,-0.04953,0.00000,8.88385
SPY261218C00395000,SPY,2026-12-18,395.00,call,154.38,165.50,163.00,70,168.00,70,0,93,2024-05-06,0.00395,1.00000,0.00000,-0.05017,0.00000,8.99774
SPY261218C00400000,SPY,2026-12-18,400.00,call,153.00,162.00,159.50,70,164.50,70,0,145,2024-05-06,0.00378,1.00000,0.00000,-0.05080,0.00000,9.11164
SPY261218C00405000,SPY,2026-12-18,405.00,call,149.57,158.00,155.50,70,160.50,70,0,10,2024-05-06,0.00362,1.00000,0.00000,-0.05144,0.00000,9.22554
SPY261218C00410000,SPY,2026-12-18,410.00,call,142.83,154.00,151.50,70,156.50,70,0,118,2024-05-06,0.00346,1.00000,0.00000,-0.05207,0.00000,9.33943
SPY261218C00415000,SPY,2026-12-18,415.00,call,151.00,150.50,148.00,70,153.00,70,0,20,2024-05-06,0.00330,1.00000,0.00000,-0.05271,0.00000,9.45333
SPY261218C00420000,SPY,2026-12-18,420.00,call,142.92,147.00,144.50,70,149.50,70,0,118,2024-05-06,0.00314,1.00000,0.00000,-0.05334,0.00000,9.56722
SPY261218C00425000,SPY,2026-12-18,425.00,call,136.50,143.00,140.50,70,145.50,70,0,16,2024-05-06,0.00297,1.00000,0.00000,-0.05398,0.00000,9.68112
SPY261218C00430000,SPY,2026-12-18,430.00,call,133.00,139.50,137.00,70,142.00,70,0,41,2024-05-06,0.00281,1.00000,0.00000,-0.05461,0.00000,9.79501
SPY261218C00435000,SPY,2026-12-18,435.00,call,134.00,136.00,133.50,70,138.50,70,0,24,2024-05-06,0.00265,1.00000,0.00000,-0.05525,0.00000,9.90891
SPY261218C00440000,SPY,2026-12-18,440.00,call,130.99,132.50,130.00,110,135.00,110,1,58,2024-05-06,0.00249,1.00000,0.00000,-0.05588,0.00000,10.02280
SPY261218C00445000,SPY,2026-12-18,445.00,call,119.30,128.75,126.50,110,131.00,36,0,31,2024-05-06,0.00232,1.00000,0.00000,-0.05652,0.00000,10.13670
SPY261218C00450000,SPY,2026-12-18,450.00,call,125.00,125.75,124.00,1,127.50,36,7,143,2024-05-06,0.08614,0.98033,0.00066,-0.05739,0.39903,9.97027
SPY261218C00455000,SPY,2026-12-18,455.00,call,118.17,122.00,119.50,110,124.50,110,0,11,2024-05-06,0.09468,0.96531,0.00097,-0.05818,0.64123,9.86512
SPY261218C00460000,SPY,2026-12-18,460.00,call,111.85,118.50,116.00,110,121.00,110,0,68,2024-05-06,0.10230,0.94808,0.00124,-0.05897,0.88843,9.72384
SPY261218C00465000,SPY,2026-12-18,465.00,call,111.74,115.00,112.50,110,117.50,110,0,22,2024-05-06,0.10733,0.93268,0.00145,-0.05968,1.08925,9.60688
SPY261218C00470000,SPY,2026-12-18,470.00,call,102.27,110.67,109.35,100,112.00,1,0,280,2024-05-06,0.10382,0.93018,0.00154,-0.06009,1.12029,9.68640
SPY261218C00475000,SPY,2026-12-18,475.00,call,107.71,108.27,106.04,100,110.50,45,5,1454,2024-05-06,0.11510,0.90198,0.00180,-0.06093,1.44587,9.36774
SPY261218C00480000,SPY,2026-12-18,480.00,call,104.97,105.00,102.50,110,107.50,110,24,290,2024-05-06,0.11800,0.88705,0.00194,-0.06147,1.60207,9.25165
SPY261218C00485000,SPY,2026-12-18,485.00,call,100.03,101.73,99.46,100,104.00,45,21,968,2024-05-06,0.12029,0.87252,0.00208,-0.06194,1.74466,9.14039
SPY261218C00490000,SPY,2026-12-18,490.00,call,93.50,99.50,98.00,1,101.00,45,0,1074,2024-05-06,0.12730,0.85012,0.00219,-0.06257,1.94821,8.89582
SPY261218C00495000,SPY,2026-12-18,495.00,call,87.77,95.27,93.03,100,97.50,1,0,1799,2024-05-06,0.12334,0.84444,0.00232,-0.06267,1.99684,8.92999
SPY261218C00500000,SPY,2026-12-18,500.00,call,92.76,92.19,89.88,100,94.50,45,5,2385,2024-05-06,0.12486,0.82976,0.00243,-0.06296,2.11744,8.81234
SPY261218C00505000,SPY,2026-12-18,505.00,call,87.69,89.00,86.50,110,91.50,110,2,1260,2024-05-06,0.12562,0.81587,0.00253,-0.06316,2.22503,8.70719
SPY261218C00510000,SPY,2026-12-18,510.00,call,84.83,85.38,83.65,100,87.10,1,3,1261,2024-05-06,0.12395,0.80512,0.00266,-0.06320,2.30408,8.65727
SPY261218C00515000,SPY,2026-12-18,515.00,call,83.10,83.25,81.00,1,85.50,45,48,2113,2024-05-06,0.12837,0.78539,0.00272,-0.06347,2.44020,8.44619
SPY261218C00520000,SPY,2026-12-18,520.00,call,79.68,80.25,78.00,1,82.50,45,16,1925,2024-05-06,0.12882,0.77099,0.00281,-0.06350,2.53242,8.32944
SPY261218C00525000,SPY,2026-12-18,525.00,call,77.91,77.00,74.50,310,79.50,310,10,629,2024-05-06,0.12791,0.75794,0.00292,-0.06340,2.61104,8.23837
SPY261218C00530000,SPY,2026-12-18,530.00,call,73.00,74.00,71.50,310,76.50,310,4,568,2024-05-06,0.12776,0.74358,0.00302,-0.06328,2.69228,8.12275
SPY261218C00535000,SPY,2026-12-18,535.00,call,70.00,71.20,68.91,300,73.50,45,2,2221,2024-05-06,0.12806,0.72843,0.00310,-0.06312,2.77225,7.99115
SPY261218C00540000,SPY,2026-12-18,540.00,call,68.00,68.55,66.09,300,71.00,45,2,1990,2024-05-06,0.12867,0.71277,0.00317,-0.06293,2.84879,7.84850
SPY261218C00545000,SPY,2026-12-18,545.00,call,57.57,65.67,63.35,300,68.00,45,0,24,2024-05-06,0.12821,0.69789,0.00325,-0.06261,2.91595,7.72237
SPY261218C00550000,SPY,2026-12-18,550.00,call,62.93,63.05,60.61,300,65.50,45,11,125,2024-05-06,0.12837,0.68225,0.00332,-0.06227,2.98079,7.57953
SPY261218C00555000,SPY,2026-12-18,555.00,call,57.50,60.47,58.00,45,62.93,300,0,43,2024-05-06,0.12837,0.66657,0.00339,-0.06186,3.04010,7.43521
SPY261218C00560000,SPY,2026-12-18,560.00,call,56.00,57.75,55.50,45,60.00,1,0,166,2024-05-06,0.12776,0.65104,0.00346,-0.06135,3.09320,7.29615
SPY261218C00565000,SPY,2026-12-18,565.00,call,50.53,55.38,53.00,45,57.76,300,0,56,2024-05-06,0.12806,0.63488,0.00351,-0.06085,3.14270,7.13919
SPY261218C00570000,SPY,2026-12-18,570.00,call,51.87,53.00,50.50,310,55.50,310,1,76,2024-05-06,0.12806,0.61879,0.00356,-0.06028,3.18623,6.98366
SPY261218C00575000,SPY,2026-12-18,575.00,call,49.61,50.70,49.05,120,52.35,81,5,67,2024-05-06,0.12806,0.60263,0.00360,-0.05965,3.22422,6.82535
SPY261218C00580000,SPY,2026-12-18,580.00,call,43.86,48.30,46.66,120,49.95,81,0,1225,2024-05-06,0.12745,0.58646,0.00366,-0.05890,3.25657,6.67013
SPY261218C00585000,SPY,2026-12-18,585.00,call,41.84,45.98,44.34,120,47.63,81,0,58,2024-05-06,0.12699,0.57014,0.00370,-0.05810,3.28352,6.50980
SPY261218C00590000,SPY,2026-12-18,590.00,call,41.99,43.71,42.07,800,45.35,40,0,44,2024-05-06,0.12654,0.55372,0.00374,-0.05725,3.30492,6.34631
SPY261218C00595000,SPY,2026-12-18,595.00,call,38.25,41.50,39.87,120,43.14,81,0,82,2024-05-06,0.12593,0.53718,0.00377,-0.05633,3.32071,6.18063
SPY261218C00600000,SPY,2026-12-18,600.00,call,38.52,39.37,37.74,120,40.99,1,11,1047,2024-05-06,0.12532,0.52055,0.00380,-0.05535,3.33077,6.01196
SPY261218C00605000,SPY,2026-12-18,605.00,call,37.00,37.28,35.66,120,38.91,40,22,142,2024-05-06,0.12471,0.50386,0.00383,-0.05432,3.33504,5.84067
SPY261218C00610000,SPY,2026-12-18,610.00,call,34.24,34.95,33.66,800,36.25,1,1,135,2024-05-06,0.12318,0.48645,0.00387,-0.05306,3.33327,5.66578
SPY261218C00615000,SPY,2026-12-18,615.00,call,30.10,33.34,31.72,120,34.95,40,0,91,2024-05-06,0.12349,0.47041,0.00385,-0.05210,3.32602,5.49163
SPY261218C00620000,SPY,2026-12-18,620.00,call,30.16,30.66,29.86,800,31.45,1,1,186,2024-05-06,0.12044,0.45119,0.00393,-0.05041,3.31020,5.30179
SPY261218C00625000,SPY,2026-12-18,625.00,call,26.68,29.66,28.06,136,31.27,93,0,40,2024-05-06,0.12227,0.43704,0.00385,-0.04970,3.29357,5.13646
SPY261218C00630000,SPY,2026-12-18,630.00,call,26.31,27.94,26.34,800,29.53,46,0,100,2024-05-06,0.12181,0.42065,0.00384,-0.04847,3.26900,4.95884
SPY261218C00635000,SPY,2026-12-18,635.00,call,23.50,26.27,24.68,800,27.87,93,0,74,2024-05-06,0.12105,0.40397,0.00383,-0.04714,3.23810,4.77817
SPY261218C00640000,SPY,2026-12-18,640.00,call,23.20,24.69,23.10,136,26.27,93,0,323,2024-05-06,0.12059,0.38784,0.00380,-0.04585,3.20251,4.60066
SPY261218C00645000,SPY,2026-12-18,645.00,call,20.50,23.16,21.58,136,24.74,93,0,60,2024-05-06,0.11998,0.37166,0.00377,-0.04449,3.16109,4.42189
SPY261218C00650000,SPY,2026-12-18,650.00,call,19.99,21.27,20.14,136,22.40,1,0,62,2024-05-06,0.11800,0.35323,0.00377,-0.04271,3.10685,4.22211
SPY261218C00655000,SPY,2026-12-18,655.00,call,19.41,20.34,18.77,155,21.90,106,0,50,2024-05-06,0.11892,0.34014,0.00369,-0.04174,3.06372,4.06948
SPY261218C00660000,SPY,2026-12-18,660.00,call,15.10,19.02,17.46,155,20.57,800,0,51,2024-05-06,0.11846,0.32489,0.00363,-0.04037,3.00850,3.89702
SPY261218C00665000,SPY,2026-12-18,665.00,call,14.76,17.77,16.23,155,19.32,52,0,33,2024-05-06,0.11785,0.30960,0.00358,-0.03893,2.94773,3.72369
SPY261218C00670000,SPY,2026-12-18,670.00,call,16.08,16.18,15.06,155,17.30,2,3,279,2024-05-06,0.11602,0.29195,0.00354,-0.03708,2.87067,3.52598
SPY261218C00675000,SPY,2026-12-18,675.00,call,15.00,14.73,13.96,171,15.50,2,1,416,2024-05-06,0.11434,0.27471,0.00349,-0.03524,2.78806,3.33059
SPY261218C00680000,SPY,2026-12-18,680.00,call,13.28,14.44,12.91,171,15.96,1200,0,77,2024-05-06,0.11663,0.26686,0.00337,-0.03478,2.74802,3.23206
SPY261218C00685000,SPY,2026-12-18,685.00,call,12.51,13.46,11.94,171,14.97,118,0,116,2024-05-06,0.11617,0.25319,0.00329,-0.03339,2.67448,3.07340
SPY261218C00690000,SPY,2026-12-18,690.00,call,10.48,12.52,11.02,171,14.03,171,0,336,2024-05-06,0.11587,0.24024,0.00321,-0.03205,2.60036,2.92218
SPY261218C00695000,SPY,2026-12-18,695.00,call,11.05,11.66,10.16,187,13.15,64,0,216,2024-05-06,0.11556,0.22769,0.00313,-0.03073,2.52417,2.77492
SPY261218C00700000,SPY,2026-12-18,700.00,call,10.30,10.32,9.36,187,11.29,1,1,204,2024-05-06,0.11312,0.21020,0.00305,-0.02861,2.41075,2.57327
SPY261218C00705000,SPY,2026-12-18,705.00,call,9.75,10.09,8.61,187,11.57,1200,0,53,2024-05-06,0.11495,0.20377,0.00295,-0.02813,2.36684,2.49286
SPY261218C00710000,SPY,2026-12-18,710.00,call,10.20,9.38,7.91,1200,10.84,64,0,41,2024-05-06,0.11480,0.19280,0.00285,-0.02692,2.28910,2.36256
SPY261218C00715000,SPY,2026-12-18,715.00,call,9.14,8.72,7.26,1200,10.18,142,0,1,2024-05-06,0.11449,0.18186,0.00276,-0.02567,2.20790,2.23245
SPY261218C00720000,SPY,2026-12-18,720.00,call,7.07,8.11,6.66,1200,9.56,1200,0,10,2024-05-06,0.11434,0.17172,0.00266,-0.02450,2.12920,2.11117
SPY261218C00725000,SPY,2026-12-18,725.00,call,6.88,7.54,6.10,206,8.99,1200,0,11,2024-05-06,0.11419,0.16198,0.00257,-0.02337,2.05049,1.99444
SPY261218C00730000,SPY,2026-12-18,730.00,call,6.86,7.01,5.60,1200,8.43,222,19,28,2024-05-06,0.11419,0.15302,0.00248,-0.02232,1.97526,1.88662
SPY261218C00735000,SPY,2026-12-18,735.00,call,9.59,6.53,5.15,222,7.91,1200,0,4,2024-05-06,0.11419,0.14446,0.00238,-0.02129,1.90068,1.78330
SPY261218C00740000,SPY,2026-12-18,740.00,call,5.97,6.08,4.73,222,7.42,76,19,22,2024-05-06,0.11419,0.13628,0.00229,-0.02030,1.82693,1.68439
SPY261218C00745000,SPY,2026-12-18,745.00,call,4.40,5.66,4.35,1200,6.97,240,0,11,2024-05-06,0.11419,0.12848,0.00220,-0.01934,1.75416,1.58982
SPY261218C00750000,SPY,2026-12-18,750.00,call,4.00,5.31,4.07,10,6.55,81,0,1794,2024-05-06,0.11434,0.12140,0.00211,-0.01847,1.68610,1.50375
SPY261218C00755000,SPY,2026-12-18,755.00,call,4.50,4.92,3.67,240,6.16,81,2,6,2024-05-06,0.11434,0.11431,0.00202,-0.01757,1.61580,1.41752
SPY261218C00760000,SPY,2026-12-18,760.00,call,3.75,4.58,3.37,257,5.80,87,0,23,2024-05-06,0.11434,0.10757,0.00194,-0.01670,1.54690,1.33532
SPY261218C00765000,SPY,2026-12-18,765.00,call,4.23,4.28,3.09,1600,5.47,257,0,14,2024-05-06,0.11449,0.10150,0.00185,-0.01591,1.48316,1.26111
SPY261218C00770000,SPY,2026-12-18,770.00,call,4.26,4.00,2.84,1600,5.16,275,0,52,2024-05-06,0.11465,0.09573,0.00177,-0.01516,1.42105,1.19057
SPY261218C00775000,SPY,2026-12-18,775.00,call,3.34,3.74,2.61,1600,4.87,275,0,53,2024-05-06,0.11480,0.09027,0.00170,-0.01443,1.36062,1.12354
SPY261218C00780000,SPY,2026-12-18,780.00,call,3.12,3.66,2.73,1,4.59,275,0,3,2024-05-06,0.11632,0.08799,0.00164,-0.01422,1.33492,1.09441
SPY261218C00785000,SPY,2026-12-18,785.00,call,2.98,3.10,3.00,2,3.20,1,4,382,2024-05-06,0.11388,0.07767,0.00153,-0.01264,1.21537,0.96961
